[0.48543150345531044, 1.8849229487609358]
[2.3588668094776954, 1.1151148363637622]
[0.16063060899761294, -0.44389084029114029]
[1.712532519556192, 3.7396260038079641]
[0.71558196883951641, 0.49234389964137076]
[3.1507252609031493, 2.0284428499441054]
[0.40573528581392176, -2.9777656180530867]
[1.3035873765032457, 1.4012357409938194]
[1.456758019389784, 2.5193909920655235]
[1.3297235323358003, 3.5664105180363044]
[-0.21241981727659015, 0.68494194828223476]
[2.0403741770316004, 0.4010535397629722]
[-0.13736492000984968, -0.94356844347637181]
[1.4576763017937069, 2.4513990953575173]
[-1.227310851781757, 0.24806435949665476]
[1.4830831979726657, 3.8906096876000129]
[-0.0043163671280828375, -0.84192005189708896]
[1.4852883303376754, 2.692733297698084]
[-1.0017740059125588, -0.34923403341124026]
[2.4710278865126187, 1.6551450023190382]
[-0.73393584502479947, 0.01484807554135394]
[1.1820043127053155, 2.2445873899608522]
[-1.4159516882206584, 1.1844421176587681]
[2.535831789085762, 1.1416477952904258]
[-0.27780089228226618, -0.023328441281641191]
[3.2910577013608813, 2.1107214975787407]
[1.2906675898677409, -0.99555348900222373]
[0.69828668482644618, 3.2796214876521734]
[0.012695131486064987, -0.3627787661132148]
[4.805204113068009, 2.5254874635427642]
[0.26463211407694681, 0.73995505428522024]
[1.577739687044333, 1.8421354358492099]
[0.42226819981312758, 0.49856507509226278]
[1.5849555619475986, 1.5463870105352246]
[0.53488553701491592, -0.4987149098789303]
[0.88590781988540623, 1.2868041234445022]
[-1.6873350358928736, 1.0299109855376178]
[0.80633261086647789, 2.5655384857122536]
[1.7274024628603291, -0.25287213723864638]
[2.21310821832886, 2.0486900038856448]
[1.0914509251480189, -0.47244685225061406]
[1.4718541759463188, 4.2143399790232641]
[1.6764476820258221, -0.90170736440356636]
[2.5063090514610558, 2.7097803249200014]
[-0.057930217112997361, -0.54362827728769436]
[-0.049561673314171717, 0.84356848776878768]
[0.34725707884466461, -0.24781196419514226]
[2.6059393686335159, 2.5713007732656727]
[-0.59319095014307033, -1.1709896400667532]
[0.28699871308995517, 4.3593623548303775]
[0.40686741634456364, 1.1263887058603066]
[1.7820972432346678, 2.448302569417335]
[-1.2579927735032834, -1.1439662508205144]
[1.4313607212479835, 1.558372403940965]
[0.081807221936411753, -0.1786310240307587]
[3.6311918572062241, 1.1213105375328705]
[-0.27893944049422686, 1.7023212344072589]
[0.47245429575347475, 1.3748567789360162]
[0.14327860736284978, 1.1010716453808922]
[1.370612170033326, 2.5637216786249901]
[-1.4810854941073679, 1.1045396445425251]
[1.2448888850139861, 2.2310763725506138]
[0.90342643978313231, 1.4167851114147669]
[2.2734855850172098, 2.2546848881187951]
[-1.0478769381706283, 1.1252561764007853]
[-0.30656113930565665, 1.6673419913914771]
[0.53722021824899158, -1.324195791302891]
[1.931153708878548, 2.5002126361232895]
[0.013072516721826142, 1.212733495497937]
[1.8220072987747034, 3.3065964509407673]
[1.2755196908905828, -0.21812219527386334]
[1.9644750842484962, 0.97200782493744597]
[1.3147754867301642, 2.4973911241262656]
[2.0364598954088677, 3.3864164655597291]
[-0.76427849622608923, -0.17981562033916348]
[2.3446644740360272, -0.76656890899300745]
[0.14267949888376275, -1.678390712863207]
[2.8467129195085654, 0.59955324206288507]
[-1.8139053939189036, -1.1092885584945289]
[1.2859070617902684, 1.5026462762327175]
[-0.23779565026862262, 0.32941870080048746]
[-0.79816741271349745, 4.216956462671611]
[0.072508276666273297, 0.88116782190358445]
[3.1789931918055192, 1.5266951557110788]
[-0.17873777563703086, -1.910927089531929]
[2.8281711519148223, 1.3082329822726326]
[-1.2822846171705422, -1.2414205550797228]
[1.6139597935087573, 1.4108413019846586]
[-0.18457431023912982, 0.70050094831025156]
[1.9691205215167822, 2.2567591844927319]
[-0.78348671854430862, 1.5350752727373376]
[2.2214381690088394, 2.6046024595524582]
[-1.0121577082516524, 0.59753132317432556]
[1.9560155230125109, 1.453711061108875]
[0.533197546853866, -1.6470206904314046]
[2.0433791776849701, 1.2626567949002148]
[-0.022498375809760822, 0.10793762888914715]
[0.78403656941214028, 2.9412897425340283]
[0.26990996295513076, -0.035464332916683501]
[2.1577392877383081, 1.3599047201836072]
[1.8149336332981467, -0.016338398814430718]
[0.42320574012665335, 2.7301565161877797]
[-1.6799297798321258, 0.13501699115132987]
[3.8556642819623335, 1.5278735381900488]
[-0.012309244624866834, -0.90229763363098248]
[1.6743570688969502, 1.5560219765970462]
[0.81419179365642691, 0.3589767973091223]
[1.7675234024540423, 0.64251807721188636]
[-0.37143556542958067, 0.21507578571517103]
[0.61441314067072095, 1.6513202365730062]
[1.4149586012236597, 0.57292051044357872]
[2.0333899743736512, 1.2880873227732981]
[-1.2976984378027492, -0.57569029673208283]
[2.2548463774065937, 1.591813489714438]
[0.8432509827475364, 0.70425268943013886]
[2.2165691301346149, 0.8231782001544099]
[-0.25432128629083922, 1.1182239666260636]
[4.0895043697175968, 0.93581478854543332]
[-0.015140267950987269, 0.8627716341840399]
[3.3143145319701595, 2.703464002224548]
[-0.40447149350365486, 1.306023488822047]
[1.7204888394237019, 2.1793280635596073]
[0.82686877093369759, 1.1925308864703561]
[1.6765182403299266, 2.6325305164952328]
[0.46561007432978274, -0.060640190371668311]
[3.1206263595818924, 2.5131525289722068]
[-1.069271953939597, 2.2174083451245203]
[0.96300549998839768, 1.0630320310045556]
[-0.56791764457631222, -0.11098020343071467]
[1.5620142092485112, 1.9489816969241913]
[-0.0058468688504617174, 1.5438720659905936]
[0.78681928966457715, 3.0157931456066565]
[-0.80481890489021535, -0.34098439124211188]
[3.2595041784753063, 1.7924177305720037]
[-0.50421290358889836, -1.5378312048266927]
[2.1117172430509239, 1.1241044930279176]
[-1.3172647838910889, 1.8377681093384028]
[1.1602956203902988, 2.388265268589191]
[-0.39041386868829409, -1.0240982898146453]
[3.0827469797381948, 1.0380101102599459]
[-0.33653274652196991, -1.0256825563105332]
[3.965406404160241, 2.3722442548448459]
[-0.5921832943011236, -0.39929736885453643]
[1.152176608820803, 2.9908519629259254]
[0.53711852581961272, 0.75111678844143392]
[3.272084336725114, 3.718615334681715]
[-0.40464712997297192, -0.94650313153746846]
[2.3527320288634268, 2.6944709646790388]
[1.6041541738610257, 0.71918994928151858]
[1.8992221832989138, 2.392039037857983]
[-0.56524496023243631, 0.76056440472195785]
[2.8533254103532055, 0.90922023592471168]
[0.076875020286715487, 2.1512521373782443]
[1.7765989442044225, 2.0962149117830688]
[0.30057131054960134, 0.3990191948844069]
[1.6634371758566922, 0.56551216540794136]
[-0.33482535671532232, 1.0106685413879157]
[1.6286966402075969, 3.6234637080321557]
[1.1482203984747918, 1.6092357222255778]
[0.59884839750332808, 4.3025314478052836]
[0.32071798068558688, 0.66853261318975532]
[-0.976745740809283, 1.7048320240515009]
[0.33842784281540578, 0.6401963981244051]
[2.3448319930742918, 1.894045534784357]
[-0.67184451730484152, 0.73702719559139229]
[2.055251982230383, 1.3753767269086432]
[1.3880561065523698, -0.20685338774997458]
[2.1916192855186223, 0.11987983848841388]
[-0.35037301775962987, -0.38701514112524238]
[1.8799700746341643, 3.0118412179406864]
[-0.73230817154619188, 0.40199364159553563]
[0.25241646132784989, 1.8487125607649533]
[-1.4558206862136949, 1.7663305318980518]
[1.8031518025078785, 2.3395415331490734]
[0.98659492653864933, -0.22920923007439858]
[1.7455031087403117, 1.9867746161933704]
[-0.388662905319832, -0.44049176876347984]
[1.3856141223349718, 2.3274614676727667]
[1.3213684771987106, -1.5494206745620749]
[2.0475584161543634, 3.5188248808108367]
[0.34275726115663507, -0.37505535253514433]
[1.1162048815715921, 3.1596094710762221]
[-1.4529182172387076, -0.58755273859924839]
[3.0642749178002773, 2.1258806317870493]
[-0.5470149351359358, 0.48784349619543305]
[1.6022530966434407, 0.71311999923839631]
[-0.30675233959506853, -0.14632622577550372]
[0.74573271260377028, 0.80135748585375421]
[0.6295642491161898, -1.3927830545481563]
[1.2685515720275498, 1.4332202561222664]
[0.27521339138292639, -0.97039206803540212]
[1.4557456497652295, 1.0522006508467205]
[0.29547817083858796, -1.0658997101885728]
[2.0353958856034939, 2.7305716944586731]
[1.7210783217311243, -0.3211016577477252]
[2.8337129618961758, 2.1520713264994988]
[-0.3454236558937866, -1.2256328238029313]
[1.3412378709066499, 1.9985007345903631]
[1.0227554522973523, 0.21820059201140202]
[1.4929320684901732, 2.5659787852700577]
[1.1955086062905098, 2.1756128709653275]
[2.4859355641109704, 0.70156215291457924]
[0.059689519695377585, 0.81666504344983526]
[0.69567643272587754, 0.79193715241202289]
[0.77392992655806481, 0.3721825693447926]
[0.6440747683466983, 2.1270884290998735]
[1.3846424357076632, -0.21066061261880972]
[1.4093284038856506, 2.1489915430093278]
[-1.5566838161326673, 0.24270896795294902]
[1.6532759731216544, 0.79325869263587379]
[0.31059750102807593, -0.18413661065403961]
[2.2413543932327893, 1.4024665102270006]
[0.54549805030921172, 0.83150948439551919]
[0.54784560190716269, 2.6607806271110288]
[-0.17179564719452137, -0.65639605353761943]
[0.98949971335591247, 4.035127982456518]
[1.0505162483177761, 0.46728569188849584]
[2.8036340016586871, 2.114141257243066]
[-0.42737084787512764, 0.80796338653407507]
[0.38464148168280077, 0.33560698813297263]
[-1.0300348615044876, 1.4463696560440278]
[0.59193501062170739, 3.2914111190899815]
[-1.3746305388587692, -0.31885003482676272]
[1.8693133862314339, 1.0304433665606543]
[-0.88467208868097924, 0.56030787698492046]
[3.6156192869037431, 0.65149022286098091]
[-0.43145521539981058, -0.75167780699653286]
[2.89099007333781, 1.88670192291464]
[-0.46445523228309166, 0.32343580524567256]
[2.5100709741306044, 3.0011345730430135]
[1.5873980407768626, -0.18990656953704144]
[1.8330405068906455, 2.0149996643412895]
[-0.16579156211010407, 1.3705360874405632]
[0.91822874581442071, 1.7348235323850998]
[-0.062994775773302161, -1.5782897140235561]
[3.0781430487596682, 2.4074279413663007]
[-1.3614348822372442, 0.5956509209053108]
[1.391702728157945, 3.3093941070342847]
[-0.060936664949086221, 0.30456484518247917]
[1.1505218082792723, 2.259134980227449]
[0.34956906347100702, 0.041845283618355725]
[3.0063487837096856, 2.2055880858958958]
[0.10158129873388777, -0.79420548107336075]
[2.2988557837100441, 0.33760338630615028]
[0.88116458885181126, 0.028842106750969092]
[3.4138537513965987, 0.82575116559241124]
[0.45183182282293582, -0.50245938782157629]
[1.9762041862061492, 1.8389859896592371]
[-0.73636086738410234, -0.33764493821028496]
[1.1271416493821711, 3.225516439905856]
[0.87319111276570482, -0.55840528167503856]
[0.65790800361001645, 2.942178751216558]
[0.2405357723490362, -0.84614374429126504]
[2.7304388552873369, 2.6143115692175565]
[-0.30798893132759397, -0.44836349393126518]
[3.3482144745731581, 2.4041108503089879]
[-0.80222458512597472, 1.3365366710305744]
[2.6733264366812985, 1.609583526302734]
[1.5324559354581704, 2.2602909945802576]
[1.5413674002849296, 1.7476547519839023]
[-0.39839475655006035, 0.37534101677284643]
[3.0252028123710217, 1.4856333629123217]
[0.42749768344387246, 0.99853092527643206]
[0.39446459068757966, 1.0897656287954609]
[-0.88513405725386962, 2.0950745906772306]
[0.71955411454424145, 3.3793771231308192]
[-1.8876183027380296, -0.34297526322791416]
[0.76710271005185704, 2.0400502174793238]
[0.77110156235651828, -2.1202729100774733]
[0.92157832278985619, 2.0530907808168815]
[0.5143274459317746, -0.32883051394827018]
[1.9299034610920369, 1.5369089962755287]
[1.0096571471660032, -0.21914547489988268]
[1.4243633755581957, 0.54060415442841614]
[0.21313787209928331, -0.98669112254282509]
[2.6058376539473689, 2.2959915980002679]
[-0.70877733603633963, -0.32576547518699162]
[1.6729038474218392, 3.2832843365480011]
[0.51121579081484625, 0.75133333520450851]
[0.16882017787273673, 2.3835456561707113]
[1.1216032179285753, 1.6120291932759669]
[2.232560584909606, 2.5570216867891489]
[-0.94395349119340921, 0.7400332441968166]
[1.9401706322841588, 2.6548446491591342]
[-0.77689385964271629, 0.40774156971819808]
[1.9484501191336308, 1.6129996056456939]
[1.3931809386052645, 0.3107264112457781]
[2.1860087651767173, 0.85320257187440451]
[1.4310531293830739, -1.6246893196720478]
[4.6641441047244374, 2.4382020546621588]
[0.046737322204824815, 0.029066531972998907]
[1.7654684213988041, 2.0053252517124722]
[1.1613647245645815, -0.39867314458541997]
[2.4850239714899098, 1.7329168034130475]
[-0.65679352805305224, -0.58289053636012023]
[1.4141424250207528, 0.63713303635957419]
[0.90573111267455808, -0.85395276376483409]
[2.6080001293656951, 1.8595988029424155]
[-0.23007643118814999, -1.4497034310356745]
[3.3066403690954362, 1.6811127607223519]
[-0.75988130127639852, -0.78703598238189698]
[0.55327820662004434, 2.540903889603995]
[1.0316676947158385, 0.6965511971422832]
[1.7731822959741128, 0.60239211925587433]
[0.10954388045897136, 0.78156933841380449]
[3.7641602078320959, 3.0299412387756766]
[0.64473620509773366, 0.26414738972941992]
[1.3256914047264725, 2.6075415103719006]
[-1.2296928585560949, -0.97596775065397656]
[1.3614222349292027, 2.8069819801806744]
[-0.0048717777423974212, -0.14019915560157106]
[2.4813662808852035, 0.87290299302777474]
[-0.13746702119218127, 0.43644450897219517]
[2.3224986883580714, 1.1799288478391219]
[0.077930446154504063, -1.5545102162407289]
[3.2930891815790706, 0.4870910590247306]
[-0.36192163582219855, 0.90893862652659208]
[2.0839769150332299, 1.6625081152020504]
[-1.4357893738268912, 0.70210420100266047]
[1.2856833972620176, 1.7168675780388396]
[-0.68119879750523726, -0.67388322041982829]
[1.1994160117513446, 2.4108132812064129]
[0.69762238373875041, 0.51162387647820606]
[2.2185066249789478, 2.1689708260422891]
[0.60336037287133326, -0.99128650100441373]
[2.3890618650872399, 1.2706061312597074]
[1.304757834837291, 0.53773635644593609]
[2.1904247683649385, 2.4903296032736844]
[0.085179306326649273, -2.0699105160583406]
[3.3476047896314554, 2.4661665374995652]
[0.43496599401340996, 0.7664005644884625]
[-0.40578855852791529, 2.3465011757525778]
[-1.3922227379065284, 0.86441067152695095]
[2.4681336351523138, 2.6308487187734095]
[0.24681363880310037, 0.43394634964640993]
[2.9557981611378108, 2.2351919768329744]
[-0.097621794126999326, -0.30602273883206482]
[0.16508641480249908, 1.7108906029333979]
[-0.31003427227581609, -0.43111721506942036]
[1.989638722585483, 0.69724763559312009]
[-0.27713801077403122, -0.40472247070108308]
[3.0020344691930898, 1.3421586868383146]
[-0.75137874185234244, -0.93300704443436699]
[2.4954822397539358, 3.9394710437900406]
[-0.45865710625205236, 1.4938742376831191]
[4.524656752651655, 1.0655798737446127]
[-0.44117257886060463, 1.6230662725722556]
[2.3598058862983602, 2.6287690857605841]
[0.40151599344194822, 0.69205983991864728]
[1.5319542389485128, 2.2543526350362511]
[0.95548496245423731, -0.25762380201750684]
[3.4460814872916719, 2.4270507624678772]
[-1.3018165780836388, -0.94121341847735096]
[0.68152371947151424, 2.7874246566146881]
[-0.15467548197417585, 0.73064022285049823]
[0.98140833499016389, 2.565644888035802]
[0.09404115724950933, 0.20234788908714613]
[2.4586813000132026, 2.5066386350994367]
[0.72363351156657119, 1.4388961665325373]
[0.87734191805673811, 1.9059924682167133]
[-0.54939273552103429, 0.32048875177530028]
[0.8668083703110816, 1.7932204537266083]
[0.98272265293376726, 0.24020617036030267]
[2.2318093005231789, 2.3935737568762629]
[0.18425457166269377, 0.55944206924242312]
[0.76459962451838659, 3.0901382974220777]
[-0.30042860568018603, -1.1988861766080654]
[1.8134116946291237, 1.8057904379906782]
[0.11159355678613098, -0.33201257830135372]
[2.1689416747813288, 2.8912005947076214]
[-1.0232065610564429, -0.47978332334720097]
[1.1979961342769523, 2.2502334743895882]
[0.66287953677987987, -0.34926134074578907]
[1.6789664463959264, 1.9687609107074386]
[0.3357474810826282, 2.1901381946422531]
[2.9786649974012547, 2.0976424406389738]
[-0.6194445731043845, 0.58443205359545214]
[-0.330500758592148, 1.8663930228851833]
[0.61295526363921471, 0.41577911694377023]
[2.0756113544083261, 2.4956986863105541]
[-1.2401369110175944, 0.63174821472840259]
[2.2658519210027337, 1.1286184153814052]
[-0.17276449328022361, 1.3261263020755114]
[1.6828571227698086, 0.64418953190987183]
[-0.59075908911678487, 0.14303986061869944]
[3.2693608294056848, 3.6634627858557813]
[-0.057229021459758042, 0.5442201312439493]
[2.0666663260150258, 2.9454289214872094]
[1.5799200649185936, 0.98838908490747557]
[2.6052977806977049, 1.9107965366061006]
[-0.80615048474872941, 0.70914167735887046]
[2.0031900661027118, 1.335179535187101]
[-1.7154739624482387, -0.031345246286103821]
[2.1764922560034239, 1.8676279601626931]
[-0.37627230456687266, -1.3050768484962965]
[3.0622469757608859, 1.6810419434904298]
[-2.4067867020021505, 0.075303021230730238]
[1.2811081639625606, 1.6483761341178251]
[-0.0080113332837205634, 0.98460057884222696]
[1.9658545982890745, 2.9281471743394558]
[-1.4840246038303346, -0.23326155453293534]
[1.9341375627266739, 2.4698297345421563]
[0.70387343971145988, 0.11721992520157958]
[1.0781701156450434, 2.1065195685936997]
[1.1982504289392188, 0.23541707168692849]
[1.140774123461527, 0.63543957342364288]
[0.93576400634583334, 0.45995133642343755]
[2.4408804026787876, 2.5804478904168491]
[0.73987591109948203, 1.2565577724091577]
[3.1711331878409545, 1.0624856008195644]
[-0.61936339323253564, 1.44626407257661]
[3.4339143718587857, 2.0612214997956935]
[1.7436321780548145, 0.43621179255853992]
[1.604297465234402, 3.3197690275697331]
[-0.39897040861908911, -1.9975768849326614]
[2.4667330062695898, 1.9919706576512455]
[1.6388172013589897, 1.3432782091546889]
[1.370034477102591, 2.2725061788309966]
[-1.1191118327430443, 0.090856366691379503]
[2.0401065710318393, 3.3094132492119814]
[1.1521980171677513, -1.9108133943507128]
[0.55712462694070308, 2.9712300285294946]
[-0.83707883979455344, -0.27514349439250324]
[3.6884755358039842, 1.4280590581029138]
[-1.7567302711806958, 1.2508407648395286]
[1.0473343740308148, 1.145220477538869]
[0.12606970296342696, -2.6478765428344095]
[4.7450364950778736, 2.2239072303865677]
[1.0298387090718326, 1.1727845970697248]
[1.6706809736268604, 1.2253322927223809]
[0.80043619647892872, 1.2162718313357577]
[3.2763204302703413, 2.7536673230775208]
[-0.69319079099297198, 0.074298192929926607]
[2.7687276635342348, 2.5121881129267658]
[-0.57599580134093542, -0.83682797526625174]
[1.3091556765510615, -0.020281854568462432]
[1.1144157450753795, 1.1936471530633985]
[2.0357195485767359, 0.66323248713044225]
[-0.16604378771772163, -0.62218815287285556]
[0.96409171118546677, 2.0726330467711289]
[-1.1050719435193679, 1.0774254699962127]
[2.533428935371643, 1.6065892982222598]
[-0.15910903744719515, -0.69292198160143692]
[2.1399018981171105, 2.7553602173141769]
[0.70592695451698984, 0.14094505345809674]
[1.5121918709955335, 3.5240855711088752]
[0.58788557632115812, 0.12945502342545134]
[2.6974703011383956, 0.53606520944039682]
[1.9446860510094717, -1.4196368395518564]
[0.63534553656079051, 0.68949553005867159]
[-0.1455985679985507, 1.1287921522048547]
[1.7217632592571879, 3.2534843715472395]
[0.16870334612911306, -0.23474882157235544]
[1.3474202723578581, 2.3225864241311704]
[-2.5981833152867497, -2.2246171294165169]
[2.1575698247468962, 2.5000526299267389]
[0.6316162289588948, -0.39728351198627293]
[1.1234435790496411, 2.0923754805379802]
[-0.8438645215143481, 0.11278515821301728]
[1.2566683657379181, 2.3659882119450799]
[-0.11385301845998705, -0.49622702446270867]
[1.756299459001877, 1.5912433774189876]
[-0.51715173695277006, 0.38357961781214561]
[0.13457796962982416, 1.7034937600442988]
[1.1234266358925986, -0.0093647883636608885]
[3.3900728795766355, 2.0575642118904636]
[-1.2689581766347178, 1.5724990154060181]
[2.5052127590204321, 1.9047086886163016]
[2.1462701043882157, -0.008878995664133478]
[4.6752817589468112, 2.0543046916662067]
[0.52686129211878996, 0.56175120505695664]
[3.9123943993389614, 1.7801764500713058]
[-0.88592964156461063, -0.63361584189747167]
[1.3838190249349316, 2.7205964729119527]
[-0.70764567723878069, 1.194311151558767]
[1.9145896521678252, 2.3088733393326217]
[0.14659126478230064, 0.29071304399480924]
[1.1937594974173074, -0.96044190318084599]
[-0.1700007468001849, -0.94556177940049968]
[0.83529579723899983, 1.5147477744294571]
[0.024069475026432662, -0.64504812114691712]
[3.226394031571322, 1.5768263742975197]
[0.72204719612682688, -0.26201013821895452]
[2.1586091059827774, 2.3260421007981824]
[1.2706941721267997, -0.11347536193404759]
[1.2647817369981129, 1.8320671075430113]
[1.3103368882790511, 0.67757934117140628]
[2.0570215100363187, 1.712019856540147]
[-0.028571011555429838, -1.754544542331582]
[2.3245523714769654, 1.2510033992687726]
[-0.19053663721252284, -0.31473196240848672]
[2.9683295400853673, 3.2569815628634222]
[0.43455805322085828, -1.0181599474727336]
[1.8775536071398167, 1.9586546754275949]
[1.4629729880278683, 0.48924137520521133]
[3.6215417811284984, 2.1436665735732339]
[-0.76202675490233018, -1.4159016928087091]
[1.2255120746310171, 4.3940873305855881]
[1.4024232862190111, 0.67991507369432458]
[2.7251181706632313, 2.3004440599319009]
[2.293846176482921, 0.83392088394812114]
[1.1829148882648439, 2.0439185214359301]
[-0.15781945049306115, -0.11919904604946432]
[-0.67718703808260994, 1.870598101306461]
[1.6398364302862285, 0.1436941475468162]
[1.8395129343885517, 1.7387167699402402]
[-0.33125628563829618, 1.2666660817710185]
[2.2251279845152343, 3.7278061844982062]
[-0.28896288562620587, -1.0416408887045447]
[0.35607888201639981, 2.675698494286423]
[0.3105498551075761, -0.4391622331459048]
[1.1941509663416392, 2.8147702923309197]
[-0.75777748153143998, -0.26585320697710174]
[2.1062482139097036, 2.6308415918181716]
[-0.098635607137399023, -0.69954630934060713]
[1.0343202861301646, 3.4166688702450765]
[0.86087326006460141, 0.10783933838944783]
[2.0901304121447617, 1.4146111875411576]
[-0.97818409025201947, 1.4964325215636582]
[2.1180369578319933, 2.1369954769374968]
[-1.7391163332090582, 0.58856323825820211]
[1.4355718647746467, 1.2026287440122418]
[-0.4603146711108933, -0.30008407523108838]
[1.9080621434566314, 1.972121262924132]
[-1.7009545965308226, -1.199654653031849]
[0.42252909103603709, 1.4385738173846936]
[1.2830435530036532, -0.34898723059544151]
[2.1215664463368928, 2.1944347630159378]
[-1.89478925186608, 0.0053375782085615525]
[0.93488976938358515, 1.9217498829807189]
[0.41887111445207414, -1.4277086565624098]
[2.4148602221250313, 1.247325968886942]
[0.77312865599869784, 0.76970522429928789]
[2.3573999554697478, 1.4270236689830522]
[-0.18023264572904543, 0.67872529172180518]
[3.4192669443476369, 1.5635641027460199]
[-2.2520805837804314, -0.005685476798554908]
[3.2368921297372752, 1.0534072371282373]
[0.5675107903557326, 0.77075577145687846]
[2.9489091119494626, 3.0007940151774219]
[1.0758684221913519, -1.0677183529279521]
[0.76114519134870928, 1.4465829839882955]
[-0.92492113724946279, -0.89936573318497515]
[1.0045775397428081, 1.5888939454927666]
[-0.93200188139942175, 0.17960101392602512]
[2.7732257337358579, 1.4838008673747245]
[0.13407967762437317, -1.0634867185570123]
[2.3422355085052806, 2.6686950336144259]
[0.68288090224200015, -1.152583254785454]
[2.1043766165930897, 2.2418177919704347]
[-0.53764583855862291, 0.088768414919626171]
[3.2163180259515078, 1.3813101790092612]
[-2.0979957198950272, -1.1749446274840671]
[1.7750771349581043, 1.7434348817850387]
[-0.69387792010769944, 1.2996485327677929]
[1.3285052218607523, 3.1341847801221636]
[-0.3669249447280562, 1.4038226338972957]
[1.7405531857037846, 2.3793186431782276]
[0.042944346646833845, -0.62573186849249118]
[0.22635853248706805, 1.0649377792592123]
[0.39504969793936751, -0.40874774950098169]
[1.4108093253471523, 2.9106708171527038]
[0.64288673630607573, 0.84038552797893851]
[0.80546708462626726, 2.614316072294117]
[-1.2899118721427913, 1.6904640575447099]
[2.3254917019859676, 1.0178011788681367]
[0.10633087044026025, 0.24308089870469385]
[2.1858362577302408, 2.1038170529563232]
[1.2504726776451285, -0.44339513799956221]
[1.4957813280361549, 1.319735638505906]
[-1.4709327406801069, -1.0240207544778586]
[0.91193694735743547, 2.5484781214260792]
[0.62303208938653454, -0.25103197562724383]
[2.0806268301308215, 1.8924900532945546]
[-0.48414996648169623, 0.089791401433186729]
[2.8830500251005602, 1.9614128496857208]
[0.16181069454279015, -2.0797604071340641]
[2.5033768303609447, 1.1814194447316797]
[1.4580102312879908, -0.015492576721897033]
[2.9686925611258053, 2.5005331041737979]
[0.86525068970770103, 0.24034564216437462]
[1.7896503759250393, 2.5528928401977184]
[2.3662801375507825, 0.082033926041505306]
[0.058670419702192778, 1.6663633634191763]
[-1.5284741944571785, 0.14169244519224047]
[1.38812603545362, 1.8252832351090817]
[-2.4039763332705655, -0.9863703987517678]
[1.6838889967120056, 0.74977483550442781]
[-0.49507071364541555, 0.81506979089507414]
[1.9077696108157833, 2.8382188465182612]
[-0.48629215348380417, 0.0091106095286360607]
[1.1759558654555524, 0.82151963401554395]
[0.46261020490710597, 0.60917957171514392]
[2.2436654183673226, 3.4981897900473875]
[-1.3526842140073729, -1.5320509686023294]
[1.7972691660707145, 2.5098944214398653]
[-0.85432659373212472, 1.0352867591581791]
[1.378353441578327, 2.5016015545975971]
[-0.71909064199332773, -0.40267002271221658]
[0.91995040771657033, 0.69806529177142385]
[-0.39238091715976947, -0.6596269417992715]
[1.3578461853931336, 3.7002117069463658]
[-0.48009150422952118, 0.36658170268121115]
[2.6204528493342334, 1.0466133057121547]
[1.5120154350832369, -0.37874644905787674]
[0.32745356919879054, 2.7831357743498426]
[-0.14797924319137618, -1.2665523068873086]
[1.264365452829201, 3.6527234568593365]
[1.3165124863976261, -0.0059314931359474958]
[2.574754862244057, 2.0083601866497234]
[-0.27808654342943268, -0.97165211943164598]
[0.64325939367777729, -0.19195550965292441]
[1.4564930809105552, 0.76583970339994811]
[2.3192191905495432, 2.6101228865430803]
[-0.32411644595763983, -0.21187886999791172]
[0.62894550107720848, 2.265800479998668]
[-0.87621373555737136, 0.11816585401317665]
[2.4025453884881522, 1.6703771716214408]
[-0.13201876953072672, 0.35199207686978651]
[0.66861145371259156, 1.4482819463158663]
[0.04911969531242711, 0.90481752435074358]
[1.3398260770845836, 1.5853571356019336]
[0.1353680308947548, -1.466444455368269]
[1.8627782715493104, 0.91474025756416921]
[-0.35435107669885474, -0.7262163336184756]
[2.2468229378227167, 2.1429241109492216]
[0.5251150070423547, 0.3114734799366356]
[2.9539273689895831, 1.9999638642144126]
[-1.3782184480603175, 0.92707257706891633]
[3.2357930133751363, 2.0716405532549733]
[-0.57062158191315393, 0.36465798126537474]
[0.74897180255001716, 2.3311750440708572]
[-0.025790912363597717, 0.58211297081218105]
[1.6174099895591367, 2.0330457086569598]
[0.28287665619188773, -1.3413547539081427]
[3.2234389609577905, 0.62340482564326849]
[-0.52215675864357514, 0.19032145018106408]
[2.3798294265094135, 2.8038036359411955]
[-0.40166430902674222, 0.42412139418943245]
[0.92979882243024337, 2.3277908954275164]
[-1.0438837625655206, 0.69851764590291987]
[1.0314050459074209, 4.0464145385827743]
[0.48862863022296948, 0.034694412606598342]
[3.2458450945766897, 2.2441700784794909]
[0.14712315706871595, -0.10110455327347841]
[1.6022896779201241, 1.6591723387053512]
[1.2797341721103392, -1.0019467281494403]
[3.2251020911139765, 1.4383697431673692]
[0.1371889593991456, -0.30756850957346887]
[1.8633324644578042, 3.0145471925809595]
[1.4458093222888715, -0.30415539812482212]
[3.8187196438407587, 3.200751227440831]
[-0.22606978778141587, 0.05960961985232268]
[2.8959748956948559, 1.8271194258609078]
[-0.47916976764388985, -0.083942929277560502]
[1.0206718800788122, 3.2718449327465757]
[0.57278073227136983, 0.33606864750167642]
[2.4982807802366565, 1.8487927832637576]
[1.0885812259140997, 0.4243186737998863]
[1.2229727027609554, 2.9450137167855202]
[-0.86730602316303995, -1.1341700562407335]
[1.7809895965862805, 1.7755367334050169]
[-1.8697251433711766, 1.7607326586835452]
[3.4940814536271727, 1.924892736315309]
[-0.38873881363177426, 1.7570242810185306]
[2.0521503892507758, 2.8382403254679627]
[-0.70105819487451781, -0.52701244527023516]
[2.4955512014150658, -0.083884211996769764]
[-0.92598943342035667, 1.9725890757897069]
[0.81905147276846146, 0.61971279862108264]
[1.0002580826965648, 0.12310492418232036]
[1.3560409345547781, 4.8331372030525568]
[0.92220504384705082, -0.83540755000967026]
[1.7451775225410624, 2.4159565748014904]
[1.0272751316643476, -0.066095116709261451]
[1.5815974129986472, 2.1133089979333817]
[-0.57958208907755282, 2.3124427017617983]
[2.6356741195574678, 1.379030815408254]
[-0.31617322769530015, 1.572847192427099]
[1.734867339826982, 1.1536020618811869]
[0.47833724152206308, 2.0259070819543101]
[2.2763434351081697, 2.0745918168492841]
[-0.82129503569529683, 0.93818765586693353]
[1.5758231691206719, 2.0047590646747433]
[1.0133195481116171, -0.37663329824599412]
[2.242723400727662, 1.9606431753005549]
[0.91306873540770961, -1.4939249572877276]
[0.55069151986887577, 0.3574803162867759]
[0.26277530286146422, 0.2619107312292136]
[2.273792726527526, 1.8258321694289159]
[-1.8994900477344783, -0.17128764187004375]
[0.31269723106292235, 2.2864231261938981]
[-0.56493423646940777, 0.79916864289683398]
[1.2763828856455381, 0.54112483454607307]
[-0.026285549645196898, -0.69454355473953466]
[-1.0948639269107181, 1.4835478440456034]
[1.3286819150226186, -0.5841815250618726]
[1.7091224314919002, 1.4787022755858534]
[-1.1928082069842805, -1.6503578088337689]
[1.4583372346695271, 1.8487442689433515]
[-0.83317814819953462, 0.91025293350932657]
[3.8729559916308292, 1.7071620453737975]
[-0.86479073952224228, -0.72712600804401095]
[3.1890033810524656, 2.5819020780159287]
[-0.58238267488743467, -1.7037584199676807]
[2.3761313478065089, 0.58458938411917338]
[-0.15869776073412767, -0.074924227353507983]
[1.8154093330165424, 2.4661623634778249]
[0.64570830523066147, -0.70785506232060968]
[3.0534874399431633, 0.83873814476333952]
[-0.62447103912972701, 1.3853196769062988]
[2.4829236101397152, 3.1623230848955042]
[2.2910473610873852, 2.7840763345577457]
[1.2248183864588627, 1.9620260597681349]
[2.4561058526626822, 0.31280545603100507]
[0.77447198716243704, 2.3634480735845433]
[-0.03265317058825519, -0.71097971301401663]
[2.3027845558987097, 2.2479259501060866]
[0.76261318624385288, 0.64614419420377089]
[2.788586862737811, 2.5621208796614039]
[-0.81246896054635998, 0.66958543483926758]
[1.3314715103763914, 2.20343266361458]
[0.24128729265961643, 1.1734228834622731]
[0.98335522649855545, 1.8019651129636325]
[0.1848912196807172, 0.18366785238985103]
[1.8628660563121897, 1.8209702489253246]
[1.0308091923601004, -1.1182854437903482]
[3.3588984962622508, 2.3905630776078279]
[-0.5248346400251056, -0.11614597437098435]
[2.3664554844437227, 1.9466795552899503]
[-1.5505399535852611, 0.55146526093731918]
[0.71817205205620405, 0.19172214772341678]
[-0.29475275247048716, -0.52264283950478174]
[2.694660605053568, 0.87424497691091507]
[-1.0022927235852177, -0.10618371319122166]
[3.4401177542785941, 1.9392048896533796]
[-0.88528776448581148, 0.27007753353768293]
[2.706243762165562, 1.9439869335094329]
[-0.18354546204223304, -0.50175940840409472]
[2.3536858342768658, 0.26920707099768637]
[0.48212709157746908, 0.20242371175840682]
[3.2643504881312428, 1.205692752212465]
[-0.57434742196263544, 1.6310454183974978]
[1.6316954676347535, 2.6034264450937021]
[-0.52245759490598109, -0.18297574853463439]
[3.2198722376121518, 1.0238640843161033]
[-0.68272205601208646, 3.6662050111391582]
[1.9377456070095769, 1.4189846703622084]
[-0.7360029670364745, 1.8663458845373875]
[1.9555566137290057, 4.1546906662362408]
[2.6981139507715746, -1.4024793379999094]
[1.4131632923442949, 0.89018113799552134]
[0.24471095459169953, -2.4139542874598385]
[2.5455965806948027, 1.0908035059736347]
[-1.9894047258475855, -0.049494438372081222]
[1.2797383070377311, 1.0851018438783591]
[-0.6827714187264321, -0.88477167668066503]
[2.4586757232778975, 1.4005688315253058]
[0.50424269487725826, -0.29705643374873181]
[1.8563401315222918, 2.3094821002784256]
[-1.2408814194264339, 0.7994967896275037]
[2.6867407367807727, 2.4161029905387674]
[1.5253589075685905, -0.28709174355052153]
[1.8659849078846897, 0.49366926125169797]
[1.4385199976179193, 0.14702392554548338]
[2.4957571825179246, 0.97977127872380532]
[0.5002567035863662, 0.98082571252974182]
[2.4416468088171173, 4.1470088064219475]
[0.020770169827932488, -1.668754509225352]
[2.2394509309183155, 2.4897532708774399]
[-0.13639569466824891, 1.6006476847725897]
[2.0601026876538215, 3.4277294804734337]
[-0.067195424289379621, -0.38329340438339243]
[0.89777043303952953, 2.823198135117214]
[1.5898010462279328, -0.43819195949475531]
[0.84427661864304882, 2.5597265970529688]
[0.52559480605098197, 0.38977131806880994]
[3.2776477762171501, 2.3904425398918092]
[-0.0086920683106848622, -0.89614852977675286]
[1.5034312698028522, 1.2526569827619611]
[-0.4603495358003255, -0.39856526056901259]
[0.60048851941390291, 2.9584528520345539]
[-1.468941077112528, -1.9687123804126032]
[1.3100792128499643, 1.8279815020741896]
[0.67809321350857121, -0.14483672859324107]
[1.7947778849552651, 2.1738778814892306]
[-1.0887625943722858, 0.10550531271925352]
[2.5154088955508782, 2.2561078372395702]
[-1.4144391234226061, -0.46414424369648166]
[2.7000458135464305, 1.4482117289359251]
[0.30120294371691425, -0.74142942138694223]
[1.6726031473944887, 1.5434901288303735]
[0.86142016663823273, 0.48552944403574733]
[1.1965898370996684, 4.2082265255263316]
[0.47630029476835822, -0.65710438207780719]
[2.6590481337832941, 2.668656909152197]
[0.75120363876214791, -0.10751168661100458]
[1.5156198046043199, 0.72575097882382078]
[-0.78427740114466171, 0.33886926289937563]
[3.015876943111846, 0.66089244915552081]
[0.80434459344053166, -0.39469670304506227]
[0.17814556504707757, 2.2743095009095424]
[0.29176217702644464, -0.13778206761070294]
[1.2337332908196084, 2.5242045012336476]
[-1.4913349151133652, -1.6718164574964989]
[1.2299600889158571, 0.55916291215359015]
[-0.87860632558984442, 1.0537941174962879]
[3.5194488756970093, 3.3788199812073776]
[0.26926378354738417, 0.79621891160346625]
[2.6411427333486159, 1.2560167308650945]
[1.3057007755556096, 0.40058873147729801]
[1.0528335352300791, 2.8291981799377819]
[-0.92436869930232601, -0.12177166107965087]
[2.8912349511318771, 1.1745725426149523]
[1.9465254153278235, -1.3585326423750348]
[1.8208535177187846, 2.1095963479576483]
[-1.9042031035846914, 0.77246102329574529]
[2.8517888114712036, 1.2369934633796826]
[-1.1161266624046631, 0.82550537476062524]
[2.72942046893206, 1.7846555311844332]
[-0.62879104643596262, -1.7858823737240002]
[2.1006917041061932, 2.972685330555926]
[1.8465984142437517, -0.65753519149610373]
[1.0681640837934752, 1.5340404418512579]
[-0.042980618308095374, -0.89761510926977484]
[1.3112520280110036, 1.3209827783149062]
[-1.0757507930131183, -0.9377287866423113]
[2.1339568633513077, 1.5561183171140458]
[1.4681323051740589, -0.85418239968111054]
[0.76155931961310652, 1.3203362275010879]
[0.25054907173182456, -0.1797913575644032]
[3.236377338965859, 2.6249409594891557]
[-2.2577098682021206, 0.883130535688464]
[1.0041404206558759, 2.1994846720686345]
[-0.81179433916707033, 0.0087458427506218826]
[-0.20139261082900628, 2.3583390847350985]
[-0.88940186992113213, -1.6583321085587492]
[1.3117389338677068, 2.8458220106375443]
[-0.070399247755389624, -0.74806378693887765]
[2.9760273905436012, 2.434272697303145]
[0.77087253114658605, -0.25267502171238104]
[0.62756346763920634, 1.8078932494806601]
[0.90877559729166624, -0.31379302469634146]
[3.4868217179521217, 2.0675554063660648]
[-0.20372628296294079, -0.31776206735084167]
[0.81775135456548664, 2.1588192357274494]
[1.8194785559941173, -0.89051718292533477]
[1.1391347281185071, 1.0710639763057692]
[0.10620294920078301, -0.57002252273489895]
[3.2568024167887764, 2.7399446789493465]
[-1.9421982430269569, -0.83921033050469851]
[2.3415542534812608, 1.2715080066395608]
[-1.9111554662527135, 0.21046294596145926]
[2.4207762607266625, 1.3459126838849906]
[0.67987734599530614, -0.17755715548530915]
[0.9399338381548572, 2.583248798846006]
[1.0717953469658599, -0.082824339251052911]
[2.989829455245185, 1.3630931043203285]
[0.81901892201958515, -0.12039977428883472]
[2.8120980255308297, 3.3586263183555873]
[1.0469407676493718, 0.35180133518323892]
[2.345487219783247, 4.1989915715639103]
[-0.31214703976727837, 0.74637746251402604]
[1.1841687159830268, 2.8708544002541601]
[0.37845857372963204, 1.2857611252587595]
[2.4331958655612764, 2.3435793897229082]
[0.45439689921371779, 0.79330968239390831]
[3.4747921250214064, 0.85328235496267046]
[0.48510250647240422, -0.96508866636700141]
[2.6874379434168527, 1.0850768643461819]
[-1.3263006679917815, -0.76378634818992552]
[1.4704511082084695, 4.5040510084880445]
[-0.33943142665879339, -1.1660756062677049]
[0.44678306652203248, 0.60866157732697612]
[0.1264001721408291, -1.0398724305999965]
[1.4744145124472174, 4.6283420358264253]
[0.25713763848920074, 1.1630833238797609]
[2.1630276484556852, 1.8372089195763412]
[-1.0864021498240168, 0.20949008245157502]
[2.5789296285736127, 1.5684982955347644]
[1.4052771809094917, -1.6147158687890002]
[2.2137582116331105, 1.9012032132671397]
[0.028775172085504688, -1.4313237980621158]
[1.4186683811903587, 1.1085685812021477]
[0.86882269887696206, 0.98864701532003829]
[2.6840273187084414, 1.851828938302587]
[0.66304015735863364, -0.9359096954272178]
[1.927894169080735, 2.6304082629280501]
[-0.10564833419125125, 0.5933093467605135]
[3.5266026717033423, 2.918306952785652]
[-0.94220951986459933, -0.58289174460276005]
[0.19332744320874218, 1.89496890810592]
[0.42023087371216911, -1.4494807957811511]
[2.8307403293423867, 0.83258591721491393]
[-1.4838919615311137, 0.9126178667798841]
[2.754098846227016, 1.2341685817566499]
[-0.23251994983527605, -2.1902708021155934]
[3.0955222718035933, 1.8289016374035649]
[0.24662839199300732, -0.91786768833193066]
[3.0486972692541876, 2.7627364501166647]
[-1.2847612825645076, 1.0258562213880298]
[2.193273520673102, 2.0796851931486131]
[0.84170298191371606, -0.33121783467717825]
[1.7393338660751458, 1.1315456131595081]
[0.96609889510702762, -0.58459797415708337]
[2.7569015837149116, 0.42220449315649344]
[-1.561092754280387, 0.10611267451240493]
[0.53224601995428866, 2.6266382376772142]
[0.24541403622356439, -0.29626697680556563]
[0.62743036296976173, 2.8051572032571368]
[0.9669947487592192, 0.38723751837695408]
[2.8988887622578843, 1.3439991096602935]
[-0.30644239403993406, 1.2083528330447153]
[3.0070342764643825, 3.2858360200848464]
[-1.4165501489357428, -0.22357472693865099]
[-0.01152151029050863, 2.0432275192403551]
[0.0010002109713012084, -1.0276665540210246]
[1.7208123761435328, 1.8765209016610895]
[-0.78218902079564512, -0.22720413251476371]
[2.022266602148747, 4.1904529911872057]
[-0.34739440674271721, 1.0581051949617113]
[1.414522354545642, 1.6040557862915747]
[-0.942419916970203, 0.0681983521544091]
[2.5239148711305202, 0.47585614049089231]
[-0.3897101612133495, 0.70146796548287316]
[0.12949216468010638, 3.9369339654837106]
[-0.37969470183785065, 0.13479418819656303]
[2.2544236270228959, 3.160482897463285]
[0.43621820391433314, 0.17191086942917028]
[0.71233038831801898, 1.5873397279165611]
[0.66879342098798278, -1.0316074588377859]
[2.0704857687789917, 0.59432802550308006]
[0.049153030221348613, 1.051735866802588]
[1.1291253862711115, 2.5709362727356426]
[0.86729890171967239, 0.82687605683435905]
[1.5197839132955835, 1.5864085971503858]
[1.2890311084113975, 0.33863074818869016]
[1.5424422931172665, 2.661660270563448]
[-0.068121624395934791, -0.008575572522088893]
[2.923961239065171, 1.0216007014063511]
[1.0367568678471433, -0.32807347276309473]
[1.7646683402882961, 0.77010304326838974]
[-1.636867860369809, 0.66605020954313776]
[2.7262699070299456, 2.6784513199247932]
[-1.0251410964746579, -0.68893890270123592]
[2.6696328094573638, 1.661829420178599]
[-1.1609693887160664, 1.402774735844494]
[2.3193689154486767, 2.0470239338154239]
[1.51995052638682, 1.5500352707273146]
[1.4058391620785433, 4.1131944928353086]
[0.09099251448729255, -0.68813027540180371]
[2.9356708887938465, 4.4236145157843598]
[2.0928681557857773, -0.95000023506233267]
[2.5773324271941145, 1.6934331507567366]
[0.055243064384155612, -1.760927578021305]
[2.1343694932353277, 2.0014149460861161]
[-1.0433650210386076, 0.059713803312660282]
[0.63291669211392554, 2.2765473488832146]
[-0.64176563635563655, 1.3006823784744663]
[1.7667299566034007, 1.3122880890035145]
[-0.64610388106103434, 0.23944543436001728]
[1.0419021011079717, 2.0316632470754654]
[-0.95307653003118353, 1.311728825068077]
[2.2878502533411131, 0.39005208114949497]
[-0.3270760130356038, -0.1432691185048828]
[2.1997062820423778, 2.5042979608035116]
[-0.49990393137621225, 0.56991420223498601]
[2.7876020455190087, 0.093390081609304954]
[1.6995106596240306, 1.0174318956476098]
[1.7634451161278091, 3.1335737398304464]
[-1.3069078516994694, 0.44245853722929879]
[1.4540392986844399, 2.5674961330816286]
[-1.2335187899918265, -1.1182493649561769]
[3.3819184220198855, 2.7771450003066147]
[1.6959681157947519, -1.1946746913604043]
[0.62750660344668696, 1.4509078072362271]
[-1.0018178782125751, 1.0860870486685101]
[0.26781439547283337, 2.8044871017848458]
[0.77329652335122812, 1.75438343926133]
[0.7632343735478111, 1.7567097974239718]
[0.53206199706004909, 0.42693774558368575]
[2.3216662208218772, 2.1452453367867856]
[-0.31553385475148038, -0.12537883038752115]
[1.7763899158914509, 1.7493773395243604]
[-0.71317955609147554, -1.02747235485721]
[1.7910639139061306, 2.4996580305088831]
[-0.13100982014848653, 1.1538327113222473]
[1.1411418507443765, 2.0802015678704815]
[-1.9484351773276669, -0.25152545743401805]
[2.4139656914630025, 0.9344297073881751]
[2.0071650228523685, 1.1147756732941296]
[1.3606643507184089, 3.0894812709614969]
[-0.30541991969141014, 0.44504597484939462]
[3.0232773733862066, 0.88785735511619324]
[0.76024538786158014, 0.80674735294039324]
[1.1467158941426672, 2.2145881783578916]
[-0.66583560796768493, 1.3141010432904772]
[-0.56431159384076945, -0.6646866948918011]
[-1.6432335450667488, 0.49967969868065898]
[2.0487785852087717, 3.5189043854823039]
[-1.9221223378031207, 1.9170928969998449]
[1.3339406785311678, 0.66963798266875307]
[0.51834032231174409, -0.88980709479468667]
[1.6811776086009136, 2.3211698140135546]
[-1.2267486074112441, 0.45359756078184427]
[3.3745112336622372, 2.5547829831864703]
[-1.0657604397535476, 0.71472259033414853]
[3.3972412960928242, 3.9402424938491425]
[-0.45426501809670572, 0.96302639138990909]
[1.4112393115340192, 2.6344849901708387]
[0.047980189892941505, 0.40676584547638589]
[2.9109706436750211, 0.6067748372382471]
[-0.5220651578460862, 1.1937728602695001]
[4.3114204071950457, 1.9856391381620937]
[0.14462690087825827, 0.40419390191255339]
[2.109189132508662, 4.0346922872673447]
[-0.87214584361043535, -1.6703414135656773]
[3.1561165458869271, 3.4409900818215804]
[-1.0810330263538859, 0.60941193758238688]
[2.5613182264627401, 1.9623518751113007]
[-0.47158840077384956, -1.9689748087288355]
[1.7741377960720934, 0.93299860030396853]
[-1.0009254340182308, 1.9913421444800297]
[1.3698199336655019, 1.8111493980609432]
[0.60990727904216591, 0.80598005305183396]
[1.7460036383721125, 1.5441951286610109]
[-1.0163206637602422, 1.0171928135583428]
[2.7151895903518444, 1.9024311281093254]
[0.30610212035647366, 0.14508921893457555]
[3.7286724792754526, 1.1038609958538754]
[-1.33819309183946, 1.2207211421630215]
[1.1355012558445803, 2.5579194317188105]
[-0.046382440216883279, -0.43707578470372555]
[3.1554334205448011, 1.1261241991225979]
[1.7229943725117085, -0.39449592571870129]
[2.2788798474637901, 1.6502576473043864]
[0.88873807107728653, 0.43038568089181101]
[2.7177141993253806, -0.24778707215827334]
[0.95156373615977241, -0.78755885903531586]
[2.7778248261798355, 0.94816806799830045]
[1.3486556687464826, 2.1956627819424814]
[4.2469211890785576, 0.73590752472948862]
[-0.44387805018944865, 1.8535930172097488]
[0.77194715121881807, 2.1588803343624638]
[-0.57442594622857546, -1.3740785008251435]
[1.473772361849127, 2.438277569273644]
[-2.187220516392506, 0.54687072315785246]
[0.22092719673751371, 1.4226161129070509]
[0.77958000266934258, 0.46351525770798224]
[3.4052876728149317, 2.7833474150125634]
[1.1814219904222745, -0.73802952398663657]
[3.4546810253674263, 2.3974685010335515]
[-1.0450619656013227, 1.5194711223629118]
[0.66421922245945364, 0.35930589028004589]
[-0.85108498125478593, -1.7606857293177753]
[2.5264421985035779, 0.77857984106233014]
[0.92846662693017623, 1.6912618262673871]
[3.3401035771262206, 2.8021704831210585]
[0.42320609544493565, -0.28873110602447227]
[1.1335125369820882, 1.0896729599873509]
[0.80052917354679698, 1.220291070930333]
[3.2366885416719322, 2.9941276927847786]
[2.3327915761893232, -0.023147505565568452]
[2.3530668731341744, 3.3095208168302443]
[0.93738580511431402, 0.69247930528602208]
[4.0382669427939133, 1.1253310714260527]
[-0.14522112694305667, 0.78273460348840229]
[0.62477212486087486, 2.3261839043405041]
[-0.69814878178570394, 0.78167199660896813]
[0.84542437793737824, 2.0252313285619579]
[0.13666058362099229, -0.028204560482230051]
[2.2011714161512441, 2.7297710353465874]
[0.11670132508275234, -0.35374145235013787]
[1.8909673961107696, 2.6806075339489643]
[1.5901993401594032, -1.503521959364587]
[1.791140321585172, 3.0691121693032484]
[-0.57510827812986665, -0.34905926030567119]
[1.8099093369315724, 1.9216377720872861]
[-0.16354684442614345, -0.71989421597484415]
[0.0366927335104279, 2.1915938557242667]
[-1.1698091828723551, 0.64898800225884756]
[2.8488203390340185, 3.3148679075958376]
[0.32057699223308661, 1.8829109011846614]
[3.1983278500276864, 0.035963485589994182]
[0.00026412315088144732, -0.049742807480560557]
[2.8514061238313726, 2.1666221706741124]
[-0.15270249238474959, -1.1371605317079825]
[1.624602313837459, 2.1094970090923471]
[-0.35909052713742096, 0.031678114322958688]
[1.6736157269367129, 1.1236523799444269]
[-1.1055316570440428, -0.28903462277794006]
[1.8728545133744019, 0.180977354685671]
[-1.3875924798955979, -0.33201257150610985]
[1.823181839581999, 0.33716132445618285]
[0.27590324489826185, 0.25237076138776493]
[2.3429274551647521, 0.77197150556829253]
[-1.3529433604001291, 0.3873940042491324]
[2.2811707688656044, 2.092773463137438]
[-1.3079361096159257, 0.9167085452664766]
[1.0417007510257159, 2.045612052908707]
[1.4532338472162463, 0.40084452295688511]
[1.1616618437964807, 1.0108063751966638]
[-1.2049528277108865, 1.4957404552041289]
[1.7548549454063291, 1.5230882844687332]
[-1.1778424307284627, -0.39643839180033119]
[0.36618085702326675, 2.834224100152797]
[-1.403798630110481, -0.20695442643741938]
[3.9490390792543471, 1.4779301218811609]
[-0.66431385898389195, -0.069466852113916386]
[0.97052403162449474, 2.3726457746720011]
[0.54952696321106731, 0.1374261767621974]
[1.8457842823902293, 2.0418810876850575]
[0.79884629208023095, 2.9944386942546273]
[0.9290388141115189, 1.697918710903787]
[0.20148185423335838, 0.075931472526140589]
[3.4082080521323252, 2.4254985248734489]
[1.0640534765571095, -0.98597846312885917]
[1.4201343872807159, 2.0532803161228212]
[-2.0574713657624217, -0.048136839367008043]
[1.8808417603244936, 1.4527707445348397]
[0.98464754718514769, 1.0036960516481583]
[1.1055760881508023, 1.2247462725420077]
[1.8744005306972324, -1.2189068136725807]
[2.1345782034395784, 1.5668931237885273]
[-0.21867033018950793, -0.0062021486266054119]
[1.194616573738049, 2.2881648828593217]
[0.85907575950773907, 1.3152953830224443]
[2.832665000471057, 3.0343626434881523]
[-2.3046804785111901, 0.47612649749311947]
[-0.16472182300381633, 1.6279640463408844]
[1.0118065602165742, 1.7131942976472669]
[2.0810412402483127, 2.6922204045767817]
[-1.6150255575472108, -0.95790083937082293]
[2.3772355943443682, 1.2663567213479112]
[-1.0802381374446739, 0.70586281546436014]
[2.2797646301961936, 2.6964143435425649]
[-0.52411703501524554, -0.85548265355530484]
[3.5442444572679901, 2.3667602003510186]
[1.3321693044011045, -0.76771444825290402]
[1.776531661431388, 0.033659336537964712]
[-1.104763517990017, -0.99859233339918185]
[0.19343387074330787, 1.9092423171104644]
[-0.46309112780752509, -0.18661341931311376]
[0.033186887383242381, 1.1535141464908203]
[0.35265989125424541, -0.40670595412129573]
[2.1250393733634487, 2.3233625801236997]
[0.10393607526807795, -0.31507263625779847]
[2.0169619136788475, 1.7600255009862826]
[0.79922337139405997, 0.80902384820063966]
[0.26865948066830847, 2.1308737913905613]
[1.4560626905429257, 1.0425880447162732]
[0.17433847599259011, 1.3629407238354121]
[-0.0095209204759246439, 1.7400720644024152]
[1.5070501954386382, 2.7888455352588695]
[0.85345927863323123, -0.86026245100403786]
[2.1774681994880933, 2.6885339423375916]
[0.18474538245278599, -0.13132378716297469]
[2.2860345007843974, 1.7239846599612658]
[0.43213272509108058, 1.7639176689212035]
[2.3230099955321637, 2.2519892611837933]
[1.0738884398841999, -0.44595559975419552]
[2.4013008832355656, 2.7388323156374215]
[0.58761070454706943, -1.8003498350622977]
[2.7727367379603955, 1.3645516588705009]
[-0.45605675142657909, -1.6068278490057348]
[1.8214314697280372, 0.75990223701563964]
[0.44772431174053962, 0.51190671536367593]
[3.296038565207704, 2.216030769963131]
[1.8618598094927397, -0.68728299520056435]
[1.7270752173921342, 1.6050030996959268]
[1.1347348933229244, 2.179091550038752]
[2.4614690386662321, 2.202878291154494]
[-1.080423344153904, -1.2400134365989885]
[1.3926131293692567, 1.222739348190109]
[1.3935210927170052, 0.096222910088674687]
[2.0836370762151657, 2.4849721850498385]
[-0.87779390372214727, 0.45792032200435617]
[2.6522391915625816, 2.809976777603528]
[2.1095372472079594, 0.38603868659611634]
[-0.3010473178095574, 2.8623267937781027]
[2.0417696879000005, -0.45389931244997683]
[2.7813852687142648, 2.0841060560417342]
[0.26700741799569339, 1.033955754343391]
[3.4939998145913704, 1.6038534543753176]
[0.63472766696258109, 0.70536887588432773]
[1.947624249878982, 2.5963067059750324]
[0.74741888794290845, -0.094325590580995058]
[2.15805479694902, 2.5990195138747811]
[-0.19687455887508662, -0.57629839342780531]
[1.3328558987253576, 3.0507717530436804]
[-0.25417482921273493, 0.70180962939636427]
[1.680341160780733, 2.9215045994455355]
[0.10819981338421815, -0.58253998646140304]
[2.5985847987742425, -0.13579768890634769]
[-0.2650702820716066, 0.78738397549577277]
[1.8092961047994229, 1.8011189580911189]
[-0.29826097055252321, 0.15982318536113493]
[0.082102083870092102, 3.0776168172897345]
[-0.35430699019857181, -0.49382158354616457]
[1.9005460663415807, 1.4427899347396056]
[-0.60902882986953333, 0.17585237028674591]
[1.8980071455593697, 0.69050386112084539]
[0.10034078992958564, 1.3894835400155403]
[2.1691491079421161, 1.5042057765498837]
[2.2798930963569548, 0.25060057265872887]
[1.1153783899476521, 1.8147261096457727]
[-0.48196235338948784, -0.37246547123564577]
[2.0932529707534999, 2.0181922069985068]
[-0.71216643112548805, -0.32907528295943894]
[2.7047427971483522, 0.96508715850697691]
[0.059453695518687406, -1.5286267612996298]
[2.8165410684217669, 3.4312180124724874]
[-0.25534218594743235, 1.2100358126467428]
[1.5794947293146044, 2.3236190186289356]
[2.4751612497172193, -0.37432114218540263]
[2.2184080409270814, 0.13609708507804275]
[0.81065342865460888, 0.77222181434916126]
[3.5213733974679728, 1.6116625482967639]
[0.51239179358944054, 1.5986546568158009]
[1.9175584323126467, 2.8772508687981495]
[-1.2139437183149593, 0.7184659144369836]
[0.75591223995891599, 2.6220066613220032]
[-1.1712488584481933, -1.1842131885731275]
[2.2198641492248834, 0.7377055769249139]
[0.065933727087552865, -0.94135106838534188]
[0.14493476518746085, 2.5655051040741252]
[-0.12552694295138847, 0.86021215657744787]
[4.2814434072571199, 2.1171695947399543]
[1.4478765713741122, -0.1141159714439309]
[2.9450587127325929, 2.3728929991747507]
[0.15217158276897128, 0.37681459860177535]
[3.0758687471676698, 2.6447676186719384]
[-0.25632131382013457, 0.093189949397927213]
[0.83442307163418361, 2.5512734701432649]
[-1.3314687029032883, -0.17543672218663425]
[3.7295721968500009, 2.1527804170128162]
[0.72640429087512393, -1.8014712806098492]
[1.9261182801784793, 0.48854921708273835]
[-0.53914203042511888, 0.25304254858178821]
[-0.93307976548298521, 2.8023922028142145]
[-2.0184084956740937, 1.0452049760174456]
[1.6053662683521093, 1.2293261696398434]
[0.1001645893848207, -0.38702465981742235]
[1.7953931455458323, 2.2337959835301753]
[-0.003745396326719776, -0.10814591273316623]
[2.531547612777417, 2.3728066047251968]
[0.25802902869902961, -0.58323236915884102]
[1.2811102700285595, 4.1493718672462432]
[0.27192443584179699, -0.21454300372200227]
[2.0690409163569985, 1.7254061547499415]
[0.76206419578088491, -1.390366381798906]
[2.4827654826175776, 2.2505392301508973]
[-0.019845244279908174, 0.23802388747825601]
[1.0803068123651052, 1.7672560201815759]
[0.43276630489123219, -0.30097264238168009]
[1.6693579127036511, 0.91613965429156541]
[-0.7517775282548429, 0.092202153552252711]
[2.4700499364951902, 1.5217566979130954]
[-0.98907659410604354, 1.8418040511266167]
[2.064839358532677, 3.7184866564220975]
[1.2963193624704434, 1.4695481771565966]
[2.7879968237500834, 1.5023483029722986]
[-1.0010625075847934, -0.78644326123196551]
[2.1365873618776017, 1.9832960730374087]
[1.1104048077936914, 1.2207103807730699]
[2.4294878464364404, 0.4348790296935181]
[-0.81419587786223702, 0.90746256346876386]
[2.0743732410267581, 1.2374633288707866]
[-1.4044302936952127, -0.55902204134200473]
[2.3097870249309373, 1.3346771521157599]
[1.2280537389706088, -2.3470849007357062]
[0.84513537425489327, 2.8228062887415408]
[-2.3255521573890405, -0.63431851763486846]
[2.4012590462339309, 3.6945915269471459]
[0.93263727218787185, 0.5469752187832474]
[2.0172363303529059, 0.21228809731947162]
[-0.41296952819679322, 1.4207453880776775]
[2.7997169613800144, 3.2935728323679774]
[1.5564902341435349, -1.1897933598438131]
[2.0179814311854778, 1.7692241406176288]
[-0.11367259581172584, 0.1190445802924876]
[2.4860044066580933, 1.8763604846095301]
[-2.0968795470718207, -0.13978647439076647]
[2.2102233975059447, 2.6074234588052363]
[1.7755623474185471, -0.68944526462725408]
[1.8830655413878985, 1.8252363572352936]
[-0.30404472192485799, 1.168435644928945]
[3.6084614205021701, 0.93604275392289282]
[-1.3688515335144638, 0.14940637697274917]
[3.0189976774789899, 1.143542372781281]
[1.0760606571405695, -1.4832478934806654]
[0.64184004341987544, 3.2478932007788615]
[1.1659579142479242, 0.78312034300037692]
[1.3758726879940397, 1.3426959128852252]
[0.74120801848957163, 0.44525848404542556]
[3.6327586689176798, 2.3860951861713735]
[-0.35024180428180174, 1.2427466042478199]
[3.7539154613888446, 1.4457995996473871]
[-1.7878589448345403, -0.58956086156665344]
[2.9572606644212778, 0.47387298997131078]
[-1.4262484981159953, -0.40528940791864848]
[0.64045546118675101, 0.75811795645461344]
[1.005214693804269, -1.8745027981080249]
[2.1556996109010074, 1.1992274006861163]
[1.6713631312466002, -1.165536235813053]
[1.8537777899951231, 0.25983090744351589]
[-0.80021741220862341, -0.46480152075164027]
[1.4045008624430251, 1.4986408391512387]
[-1.8431614230032336, 0.046417642298083657]
[3.294984888907762, 1.2445060938512806]
[-0.32679389127938763, -1.8969366118656557]
[2.5294375576110442, 0.33779435197331087]
[-0.02936252380057321, -0.43286600704924633]
[3.062910330501877, 3.4566975439744461]
[2.35478261209329, -1.1096785206503637]
[1.3866778093874301, 3.0696339846166731]
[0.040837815604190031, 1.0022206004910779]
[2.6901204119188402, 2.2217812185041166]
[-1.0740852191439236, 1.2890375473236484]
[1.2886464612100452, 2.7022415550914825]
[0.59265580087501335, 2.1454188304402231]
[0.65679573413649406, 1.7598932052965042]
[-0.75318785761697071, 1.290885549862608]
[2.4542816363319391, 3.3797008260890866]
[-0.020197663660355657, 1.4360945203700057]
[1.3830325698567134, 2.5367103268004936]
[0.38047478918933308, -0.35395852096669211]
[1.2247497752703502, 1.4404964409053331]
[1.9635208788546332, -0.67746226678999721]
[1.0707006384504902, 0.14946238440752113]
[1.2906868417391826, -0.48006388111399306]
[1.7289994396648862, 2.9723759928322466]
[0.27876268202550297, 0.64798102096071242]
[3.0627589360729091, 2.1768630322202451]
[-0.85674738588541233, -0.54996670517420787]
[1.5867481464115269, 4.1431642723735349]
[-0.82820936996931738, -0.77081439421543996]
[1.6682015707613778, 1.2642351338172024]
[1.4727632652507454, -0.38435111585467774]
[0.89448960816540013, 2.3621152227555915]
[-0.5233635615094675, -0.97563968134894585]
[1.8520533587612584, 2.2079808563786067]
[0.60329922898488753, -0.20077532617636468]
[2.9055561178165621, 1.5587429701871718]
[1.9036073043262753, -0.68432267363422183]
[1.637362099602351, 2.5970808834034322]
[-0.027463853974787046, 1.9838655409956005]
[1.7934180024477009, 2.1135358172558019]
[0.27497979953059426, -1.084127050185983]
[2.0772655796336621, 2.7595615964727935]
[-1.3694501862254111, 1.3524868920129913]
[2.6810468762694835, 0.90899979096966987]
[-0.29664682483219312, -0.096946842891634466]
[-0.18409690690654212, 2.9314430884139613]
[0.82337326741237016, -0.080412671075895198]
[3.9557877431003758, 1.752622026130092]
[1.5437259402140406, -1.397181793168661]
[0.51771820115043776, 2.6478819290293938]
[-1.4676889592491908, 0.06251708316002437]
[1.4552523742114949, 2.0529627304446931]
[0.098831306221109319, 1.1037223600347481]
[2.1576744699594812, -0.056992693084559676]
[-0.39498254571987101, 1.4550905463288688]
[2.3355716157958097, 1.8363297378248333]
[0.24039361345663257, -1.9827979693596498]
[0.21397852153378416, 2.5787900184714725]
[-1.2224505361198519, -1.2632147625367158]
[3.3358003027072147, 1.3578888897330326]
[-1.8947306184570112, -1.0031907819910277]
[1.7274268327921458, 1.2784701791683757]
[-0.84000674220981231, -0.5271137083537466]
[1.5655823200425654, 1.4436460624590486]
[0.78504203491309232, -0.062301503315613807]
[1.4696871811679997, 1.2684435816818143]
[-0.077210180908622875, 0.63769517072209514]
[2.9151892163641566, 2.6002214773859862]
[0.68037185339457051, 0.10684841057677397]
[-0.1215049093180145, 1.0526266236998769]
[0.59131742467288451, 0.88512367135242187]
[3.139786942042246, 1.8866508505545285]
[0.64973809175952835, 0.36873503256751566]
[1.7060793731926438, 1.1764504201980608]
[-2.0381999208837205, -0.71016821622105875]
[1.4261690294444918, -0.14402669077180086]
[-1.0629271385293946, -0.71797010179079679]
[3.5779977022753835, 2.1775472198416868]
[-0.96609118514386627, 0.94011815563400791]
[3.0501014256759449, 3.6153431687990398]
[-0.066964370351077079, -1.4762828684783831]
[2.3232696202033454, 2.6778445522235157]
[0.99966409999290085, 0.31810642681759543]
[1.463981160276248, 1.8713483438617384]
[-0.88602455290405757, -0.02177729967043697]
[1.5853427161381271, 0.61915402953088128]
[1.4227445526733344, -1.0470069239665849]
[2.7547268015359005, 4.3693943866075839]
[-0.37456113182115791, 1.3822433917585515]
[1.6793920715366271, 0.3772641327872539]
[1.2345603677907051, -0.70471257589193215]
[0.77383094939988828, 1.9953623681967758]
[1.6608426284516056, 1.9334991407484665]
[2.218360192277121, -0.02023996504744785]
[0.60064654524711036, 0.60507389082297591]
[4.1021978452821237, 2.4412593744478635]
[2.0079242108833406, 1.7454062107758053]
[3.0247125080989825, 3.5109449349450683]
[-0.59766080397253696, -0.86341668579103337]
[0.30825363038212461, 1.2121843739213145]
[-1.2569202615954596, 0.050582412043362987]
[1.9750991640085369, 2.8295975973002814]
[0.47537174992626458, -1.5349719854189656]
[1.5628121121759597, 0.71240462003218408]
[-0.49706966606484065, 1.5033167273162764]
[1.6382347148385754, 0.88342459059690404]
[0.45590529846608585, -0.32525033214800975]
[1.2269433514932273, 2.8087423085345193]
[1.8685950688616346, 1.0805110574569956]
[2.8431233560059845, 3.4935989233142202]
[0.13353910891501, -0.019722740347598241]
[-0.33815724525310609, 2.8906205003767544]
[-1.934962300624079, 0.88030252708093815]
[2.3484578419827722, 2.8990733044355426]
[-0.090860632446624359, 1.5839344091354961]
[1.8680381356819262, 2.5312491932102721]
[-0.33234049520402903, -0.99733888951888805]
[0.4982094651128115, 3.2268700767896572]
[-1.1287416456533512, -1.4893847109770584]
[2.1250726694208071, 1.1876313055693757]
[-0.87671280420228592, -1.3305425751497673]
[1.125613095535285, 0.87046681411542148]
[1.9600346711956549, 0.39161142155831935]
[2.1923885771231646, 2.9732967077855261]
[2.9807096936998527, -0.87066926597598893]
[3.0188692077797041, 2.751295423305324]
[-1.6039897889021408, 0.14255191007469206]
[2.7024677086237592, 1.6747943742625151]
[2.1423683460221379, 1.5428798141186733]
[2.8276663584997617, 1.298442132456362]
[-0.61893813091005645, 0.088974994327986195]
[1.4151106870532166, 0.86816553506511895]
[-0.82185935998144943, 0.0064498450766446117]
[1.7105257666650333, 2.2990121194823208]
[0.32310749213374956, -0.93233585612319292]
[1.6399300993299402, 1.6605670407623943]
[-0.58140016560862995, 1.3108012545470742]
[0.35608198250539269, 2.5071597857448049]
[-0.86201840854222145, -0.098156402154576203]
[1.2384431439490244, 0.90275012250619624]
[0.54990654746766199, -1.5475095110663486]
[1.4447440871946675, 1.956392456690818]
[-1.4423796893486946, 1.455976578514601]
[0.08784282169473645, 1.6144268004786211]
[1.6411142183631169, -1.4260986818935333]
[0.10707785972199857, 2.8164311431526525]
[-0.5026096618611432, -1.3442526185882895]
[2.5201473229540206, 2.0339620010493329]
[-0.3628611865441827, 0.17582975976851528]
[0.80105765412231134, 1.0331302662912107]
[-0.52064375738856139, 0.22321407680190725]
[1.0592945557836235, -0.92962542014489813]
[0.76414884073065525, 0.96262343756838409]
[2.216784780641321, 2.567475309246392]
[0.50385489951279161, -2.8041626432892306]
[2.1439435396837641, 3.8821657768672195]
[-0.27168968002902344, 1.0154009476907047]
[1.9132942644937829, 1.9863333219113171]
[0.49141729925505506, -0.21549653396449459]
[1.2133808397400008, 2.1950245514754583]
[0.82809235815455806, 0.024030508923698134]
[0.76838455182798682, 2.8641602139045226]
[-0.82974317802265307, -0.34100800697948291]
[1.6507583695398131, 1.089664272647008]
[0.24764735570225271, -1.9278755576872737]
[1.8770707429704205, 1.908442821605667]
[0.68873806895402701, 1.3321258534263172]
[1.3042537275940556, 1.4292105060332725]
[0.44463883119425784, 1.486827755203967]
[2.6479613887200646, 1.9102122840727029]
[-0.53686718353089791, -0.28293337923776446]
[1.2331797963402606, 1.9966605240613793]
[0.18798651944566047, 1.1146191390514772]
[1.9647110150130815, 2.7226258923631121]
[0.31907450548508737, -0.36008929785938021]
[1.6062790885621223, 1.6358684598138427]
[0.31664102963037377, -0.26111619539099928]
[2.0413949021914477, 2.6481319568321791]
[-0.65187455359148549, -1.4679904484840598]
[4.0654054996959985, 2.856075144306947]
[-0.37098097677074882, 1.9429973979434578]
[1.0532488185427642, 3.904172652334891]
[1.0353887510887185, -1.3903882606267508]
[2.1544808579935224, 1.3000166369530928]
[0.5007574158342778, 0.13827569280139543]
[2.7197776841509897, 0.77777201789756356]
[0.33436003275323456, 1.5683895693166554]
[4.2141324821008759, 1.2831458990507738]
[-0.8356617248588053, 0.3128525151805277]
[2.7210617865165228, 0.9755458684724585]
[-1.8085627026511319, -1.4574688804113707]
[0.57935847215979197, 0.46630111864267376]
[0.10295850305242907, -1.2872850390454158]
[2.9649187582024012, 2.3491506528050969]
[0.54892754981753999, 0.062772055638309718]
[1.6693294469636504, 0.75883379995645073]
[0.033863926503310063, 0.80485549027982473]
[3.8679056216047196, 1.8029812174402855]
[0.15855143591795987, -1.0852422746748922]
[3.2518286121586675, 1.3556985644939059]
[-0.68939766259395974, 0.022041434011672963]
[1.2918852477304439, 1.7240930977829452]
[-0.21095429156020118, 1.1028320575464579]
[4.7465803728559735, 1.2183463152691361]
[-0.5818828626350766, 0.31613304313524521]
[1.3624276772168986, 1.9325557399007358]
[0.64266975176172081, 0.35849861709667791]
[1.5505842277216459, 1.0209466920742263]
[0.05633785519164064, -1.4008810702338153]
[1.5052173905807331, 3.0574335418187335]
[-0.12154343809030961, -1.8209513459768718]
[1.2389784667164812, 2.8987292343064586]
[-0.88070828442275584, 0.36381710234049863]
[1.1795265432492408, 1.3251481640797764]
[1.3906074499342784, 1.0521266148343786]
[3.2305800108486609, 2.6501371927522062]
[1.8026729244055573, -1.5718953740550514]
[1.9253443506529757, 0.33026717199204647]
[-0.96343616135584709, 0.00092798935651682392]
[2.6194547744256962, 1.3646078948958298]
[0.96920756591972312, -0.5247641912163401]
[2.0360117927364065, 1.3223992140268725]
[0.57255324202283198, -0.054216764164495827]
[0.54634515484958457, 1.75424388587286]
[0.12195355616503369, -1.0665413182529369]
[1.2422759434011339, 1.6104311611285349]
[-0.93201120742962862, 1.4871657027903216]
[2.9339069246076166, 3.5068652446717863]
[-0.82968308507104094, -1.0056718669843938]
[3.1849321346463983, 3.5879986151713528]
[-0.11067430006626384, 1.8229933982487441]
[1.8714493449473177, 4.128317238985372]
[-1.8728904871075629, 0.45835066614336006]
[1.569421636511686, 1.7443351414147068]
[0.17776706849687637, 0.44528503238424016]
[3.4473323782976535, 3.3472502970862532]
[-0.21714442416008428, 1.1214764280562692]
[2.0223233608431634, 0.92356241306554909]
[-0.64005860141753257, 0.95721264365529868]
[0.42858981577123778, 1.7844437722393176]
[-0.69475053250135255, -0.47931962091657565]
[1.5626180622683634, 3.585698987956726]
[-1.7278723867560117, -0.075730941211606867]
[1.6827901191421291, 3.0819890606233615]
[0.64004807123861429, -2.3516861113914036]
[2.6853326649315949, 0.8356280071154778]
[-1.4451635380188477, -0.57980123391876981]
[2.4283220863705295, 1.7400732790423765]
[0.41330072417110864, -0.06331427104733231]
[3.1994307087285643, 1.4451808591813173]
[-0.32006910398787786, 1.7853895190621798]
[0.55865943108231964, 3.0938525800265637]
[0.095498044217391539, 0.95793007231890337]
[0.82379220331726088, 2.1174074155372566]
[1.8196944695969013, 1.9994774296227908]
[1.3019753708825603, 0.86879351127916027]
[-0.19864653132018048, 1.7672737896095159]
[1.652861487146986, 1.8706785775302859]
[-0.095030874140746277, -0.16773098995163097]
[2.7017232794239847, 1.7513401753893207]
[0.27296476904850292, -0.69404261706568748]
[2.9300658851044434, 1.6972996527608979]
[-1.642789118874413, -1.6689588096049963]
[2.1739640145027277, 0.52363066746173836]
[1.1770005938314447, 0.93092415821536889]
[2.3553651826241566, 0.83849118134449063]
[-0.23695286779607549, -0.32664216676075492]
[1.6256723119491336, 1.9783054342275028]
[-1.7867258146114071, -0.1190953604909951]
[1.1353228433464522, 2.6297653188923427]
[-0.69389892161774758, 1.5918413855695581]
[2.9296969617479833, 1.8245208091653584]
[-0.015631015066477717, -1.0030528656887594]
[0.98318931674029941, 3.2985579564214782]
[-0.088316679724950609, 0.844807264674442]
[0.87147696780243744, 0.75720908690700695]
[0.34958442792972622, -0.66663052612772133]
[1.3852490023266175, 2.5703383335248997]
[-0.84181786225390942, -1.9211449588065337]
[2.0854712389588359, 1.9524883857579967]
[-1.4657373006095369, -0.1975604725169606]
[0.85991394862364867, 3.117262959527626]
[0.63491056527867296, -0.096461490312407402]
[1.5739633668256143, 0.97362440181687004]
[-0.27216660497107603, -0.48081471158656619]
[0.99845340078324152, 2.439215272956071]
[1.855468531211065, 1.715028013978664]
[1.3893273273299562, 2.8952578976433516]
[0.4830746506302509, 0.21174727093690157]
[2.224479846629984, 3.186357740440112]
[0.14856067329935418, 1.7921920686114765]
[1.0155374313495278, 1.2908679369836757]
[-0.048036007887910577, -1.3930748012923204]
[2.1904460767429166, 3.8032567428903827]
[0.52484847952835789, 0.36507749398307815]
[4.0894735095701131, 2.6909191639756207]
[-0.94201462639326305, -0.95144277614628314]
[2.9369988049331379, 1.3319635512284864]
[0.2278515456617024, -1.3106742954610227]
[1.6960208987926924, 0.91776676473250296]
[0.33869587192213618, -1.3078925946434661]
[1.5398536057821171, 2.3693071238298118]
[0.2549055370363828, 0.94842269710533345]
[1.7593337590678424, 1.987285807381503]
[-0.46807858727914037, -0.43978261532953955]
[2.7313159084753673, 3.3796102571668336]
[1.7713185143168741, 1.2746098855341661]
[1.8503366840845448, -0.31826317331517462]
[-0.10602712751028549, -0.077118872761790386]
[2.5117462947052749, 2.1817269979122944]
[0.96111541466538308, -0.2614658629424782]
[1.0871385704474865, 2.6766220872351529]
[-0.68881724137420375, -0.87638899623272493]
[0.85361224211685749, 4.572879010003879]
[-0.66162438719983319, -0.6464393388914671]
[1.2956240197807611, 2.1922839522969557]
[-0.34578310701143622, 1.4805871260086862]
[3.2559763549155925, 3.1490937241429791]
[0.71253641419264035, 1.4674851695134565]
[2.8011017278243218, 1.6918301239771218]
[1.5506368191598303, -0.35253112545843313]
[2.2529468090149134, 1.5060213232113917]
[-0.48568420225743703, 0.48214752877655992]
[0.79558643480114011, 1.5490430345213484]
[0.87285229418239063, 1.4370030461305427]
[2.3179475082916432, 2.8944418045741784]
[0.11305085516151107, 1.1255519452595795]
[0.77384835475153313, 1.2398641149941676]
[0.11121895452259709, -0.52238238191672626]
[1.3871317338201843, 1.448655023831066]
[-0.84186793034168728, -0.45566299124531812]
[2.5981137130091598, 3.7109926739043457]
[1.1482564707281111, -0.2872176488566674]
[2.2215054648024553, 2.3661964127640953]
[0.18591337395897445, -0.64755609422336158]
[1.9754335793870366, 0.51731027620602221]
[-0.11101560069052889, -0.8645080868659778]
[0.31628027859833163, 2.1179749772720569]
[-1.4501680555211205, -1.1105587820391052]
[1.127579530603164, 1.0586702570214392]
[0.13094986760440344, -1.5146152561077082]
[1.5501948619412738, 1.4683736809661945]
[0.57051008402047454, -0.42299614282604581]
[1.3781879519301241, 1.6173043475097146]
[0.29358198536700536, -0.19572025249070404]
[-0.51336153695982079, 1.584151031738122]
[-1.5166235046906986, -0.76883659846754393]
[1.3627583239328107, 2.4204116570453271]
[0.73418415611386756, 1.590078112823579]
[2.9327089720345723, 2.4501822487541056]
[0.64672614964845365, -0.10075527087136676]
[1.3422539733449179, 1.5292458445344432]
[0.30108406740782034, 0.77679444697595013]
[1.821934361421526, 1.9001371453209663]
[-0.19159619326770655, -0.29677274682465704]
[2.0888954969429117, 2.1239350489695039]
[1.3788441092008461, 0.77263012984202262]
[1.9786221734368483, -0.39611178039809891]
[3.0028106972918809, -0.20408328975154288]
[0.78487347370503135, 0.96784725492331791]
[-0.56140998558618094, -3.2623692123383639]
[1.6956511844278956, 2.3659167359999023]
[-0.95781169121513121, -0.48237618668126114]
[3.2835159958802178, 2.3048842802735643]
[0.031666624366465064, 0.31466575660380636]
[3.4706113989574776, 1.6258044413156139]
[0.40264965007604242, 2.3118427083008148]
[1.912002434677208, -0.1279361954234246]
[-1.0679018934441018, -0.076894288881336412]
[2.5841197729850132, 1.4576552926760047]
[0.96700864293933331, 0.98590341890906874]
[1.9382408787107632, 1.0015136509641189]
[-0.40304974840090813, 1.0225261101979253]
[3.3395689456398552, 1.4338609120533006]
[0.22804758733343547, -0.27974783463049757]
[1.148653961929933, 2.5033625500489038]
[-0.93185317096976694, 0.35954533529018928]
[2.6090309887063525, 1.7347904678809158]
[0.22242592882554119, -1.4773197238275768]
[2.7291327766874627, 1.1264809887196674]
[-0.77403402852585101, -0.34320587423298915]
[2.1889279846074277, 2.4801944463669816]
[0.66314777517596746, 0.63359700858014623]
[1.2728445600825125, 3.1268775703565734]
[-2.5993337337967466, 1.4508674519983968]
[2.0645171759652481, 2.0936478550925175]
[-0.53657262338920619, -0.359986298854303]
[3.1082280777569604, 0.35668981352965545]
[-0.71647895036676523, 0.74183727088736617]
[0.65982277603179185, 4.1850444793473471]
[1.163271106048261, -0.26538611779361493]
[1.7373913239065102, 1.2576482681153451]
[1.5637041463097459, -0.14620299968344644]
[1.5434942143778954, 2.0249536983621224]
[-1.326048823214903, -1.0549629872549124]
[3.3864426401599341, 2.3490285683971877]
[0.20842997138529476, -0.45656712179830972]
[2.6005216707437437, 3.0064519322947207]
[1.0203035206408015, 3.0873765092664334]
[1.7805331877383601, 0.10192308800500482]
[0.20957843542486396, -0.060300081968811113]
[1.5594511114901832, 1.0041558141739324]
[-1.9359984471878644, 1.001297397166157]
[3.0949539919136679, 0.90597471128174312]
[-0.12165676644096088, -1.3177598777587514]
[3.020660497533278, 1.6843767621242565]
[1.0225522025985891, -3.287014302040669]
[0.40234126954126825, 3.3591666155453077]
[0.62073369101856835, -1.4998072499446682]
[4.4265887755446363, 2.1468621960869791]
[-0.98404438547857964, -2.133732553352361]
[1.8868003515197966, 2.4869017182420219]
[-1.2038343970285681, 0.26217825808027512]
[1.1864381394791921, -1.0636146112753568]
[-0.7241459825475266, 1.3927273866784295]
[2.9924932082625744, 0.99323706297329428]
[0.043724094507026759, -1.2325438407710627]
[1.5412029266428149, 1.4256838621321044]
[-1.5042595954557965, -0.2554584086491391]
[0.67371981208704357, 0.74357243990448474]
[0.042499637023088926, -0.69690876035699645]
[1.2129370609874432, 2.3833511738216169]
[-0.13143117719112268, 2.0085427360427266]
[1.8644912286018909, 1.486317334508344]
[1.0185060925774587, 1.3327207048015384]
[2.6196940659515295, 2.3317763799723532]
[-0.38175914195371896, -0.58634536066594478]
[0.2999472685194744, 2.1267399164581215]
[0.052268626250841076, 2.0032569306517836]
[0.3963756679231718, 1.9358521407340508]
[0.083438599932232543, -0.074572424786207681]
[3.4558549294487375, 2.3872727940767118]
[1.0153177869471077, -0.51207630422872918]
[2.9781095798571089, 2.5654271621588607]
[0.79074956373264649, 0.81698199968020069]
[0.65656578041754132, 2.4153350967539731]
[-0.099041088449274631, 1.3743998509821893]
[1.2899745790881856, 2.0296085073690189]
[-0.43958559244145878, 0.066903692813909912]
[3.1029632480791101, 2.4950888554682993]
[0.006794493113584878, 1.6936041951488459]
[1.1846634205488749, 1.2821514664843578]
[-1.3925911949522796, 1.1361503239145121]
[0.88390306892401238, 2.1800162497036739]
[0.85432463906671763, 0.077036718790202532]
[1.7229440936919225, 1.4766927454397967]
[0.44938146397337908, -0.23788676854866223]
[2.3921752874862836, 2.3230290065026429]
[0.22047635439791388, 1.1971376398505134]
[0.82736277634451927, 1.4593500826745411]
[1.3418935197384556, 0.34494930678074809]
[1.6286654252700639, 1.5106356102040273]
[-0.82659098427715605, 1.3986252764504845]
[1.3424135806143127, 1.1336672570349609]
[-0.28138816031634717, -0.28121375400833354]
[3.2898362448927925, 1.606570638336565]
[0.1611176929620631, 0.5720322690212194]
[3.4994169793011718, 2.2228020937039803]
[-0.0013950297780286837, -0.053189555903714485]
[0.61244022917494445, 0.84112119224171544]
[-1.1021050811750928, 0.13059396581430535]
[4.4781412677902122, 2.2090705117968548]
[-0.16165635798325551, 1.5586728395144949]
[1.6915413653007705, 2.3109181526887208]
[0.69343089199249697, -0.98566304883051359]
[1.2544805744414427, 0.66286714915077116]
[0.1203758026890628, 1.068321221583203]
[3.1280255578135225, 1.9641751844974928]
[0.33679957982179792, -0.5049129856937602]
[2.9607953634287005, 0.89395224552604713]
[-1.6052393904901672, 0.1275524093672353]
[0.93750787532629776, 0.82974256584048045]
[0.6019247182310431, -1.6752205465985506]
[0.54368666723925152, 1.430424278072181]
[-0.91085557703142495, 1.0657774223273484]
[0.80772266677859084, 1.4168833014425748]
[-0.77609499667832693, -1.6890284822751782]
[0.24491528470088708, 1.5481091096516451]
[0.58187742453894009, -1.7223623154628014]
[1.8832227145236025, 1.8823266815748518]
[0.81551399042082251, -1.1157512028893448]
[3.0046446257633326, 0.58810745671088438]
[-1.0564926238365668, 0.091635078907676096]
[1.3153344004857004, 2.8641616686717568]
[0.53121314975081269, 0.23498424162882894]
[3.1286914777392574, 0.35984901727801177]
[0.99857025508632102, 0.83575808863488543]
[1.9069462837412716, 2.2804996427558741]
[0.5300002506611502, 0.61579524780446415]
[3.9864198646139171, 0.87852554415223016]
[-0.5589536475718927, 0.27943740284898205]
[2.2681439873290814, 1.1193189909483268]
[0.98543882650938364, -2.1785330233300568]
[1.5496988553983071, 0.56648191921467728]
[-0.46413819836603343, 0.58011930953417512]
[2.5239229062872148, 2.9048390378398823]
[-0.26142862006260342, 0.06101196538860662]
[2.6342032883615594, 2.0463396371561906]
[0.15123473782200045, 0.33897757023142389]
[2.0074044868150929, 4.7880303738434336]
[1.2626902749207447, 2.4037835333994879]
[2.1492970021350595, 3.3513581638167422]
[0.94997493339581296, -0.68383160938188881]
[1.7960525485144943, 3.2934117406905798]
[0.73778527699776331, 0.073506706115492357]
[2.4877702864211328, 4.6366762659810847]
[-1.079032446358382, 0.1642718654667355]
[2.7615398169958341, 1.7908117716533016]
[0.80888255314436319, -1.3333321087987287]
[1.7133566645237017, 2.5847869100788112]
[0.090930329979347038, 1.1393493743307981]
[3.1219356373230918, 2.7818234987232184]
[0.99642397524841186, 2.4219232971853577]
[2.2764829701768154, 1.7084721296003811]
[0.045105647189962593, 0.50232540325709518]
[3.4657860842079069, 2.1928237388951568]
[-0.050710345934128674, 0.39782893271892417]
[0.83817629660697279, 2.6484654401983012]
[1.12554341175307, 0.24723276009953143]
[1.1355699413217395, 1.8514772516682376]
[-1.6154951616360544, -0.42313830111352307]
[1.4477981709418086, 2.2087592109012797]
[0.4906302827123149, -1.3886819862188307]
[0.0059598847207045225, 1.5357598928548162]
[0.39483084589357376, 0.33970760178555137]
[1.1052149083057872, 0.31705832380239207]
[0.30139264142224181, 0.16853791533569851]
[1.9055543094185097, 0.49737966236242914]
[-1.4312653448353641, -0.58816477926011845]
[0.53209905091307408, 0.36208818756549821]
[0.28580612794775018, 0.31055825631077527]
[3.5271757527962868, 1.9791345513301244]
[0.48391001944556983, 1.0060187126453541]
[2.1757303965958865, 1.9845118553824808]
[0.97747609829546789, 0.16305894202102958]
[-0.44413977843439367, 1.1834002608622729]
[-0.16475157587354239, 0.029164911293777258]
[2.3537838043138688, 2.8528040520565621]
[1.2645801087066157, -0.98180752863999221]
[0.97910047069317074, 1.9809453607896317]
[0.31756851773096595, 1.2692063069599644]
[0.79053652271773056, 1.2387803484088642]
[-1.7586626343846132, 1.0565627662557875]
[0.86555378872107935, 1.8076080119604832]
[1.604281010685942, -0.00031900347157418101]
[3.3239625006157447, 1.058161096342916]
[1.1381792227033165, -0.42925578295303701]
[2.130864642951062, 1.502599864731452]
[-0.1637904292710691, 0.81861485505405307]
[2.8418416991393283, 2.1612571514662053]
[-1.0813265643671481, -1.1408561088072999]
[2.4890484727893685, 1.5450303790318365]
[1.0802351550422113, -0.22466230098683709]
[1.9924527944035244, 1.1110798528214685]
[0.77617934041597658, -0.33349871906232437]
[3.6562841604072274, 2.2645763551198299]
[0.45270863648577891, -0.35277571146688025]
[1.8132181090896828, 1.5585866100214802]
[0.3848112909698867, -2.3125592615142416]
[1.0674454178876329, 1.4425588252319297]
[-0.58670152213177007, -1.7350267486837605]
[1.1269901187027886, 0.51438324344753616]
[-0.32140745568012818, 0.93637952467957963]
[1.568328751313691, 3.8626600957131849]
[1.5982806130146205, 1.562257698916756]
[1.1804990409026042, 2.2223509178456973]
[0.44994686729454869, 1.3368238818736389]
[2.0268707130060619, 1.8915469360021357]
[0.65708549278503359, -0.68290411079993607]
[0.41530896293956476, 2.1474274419500232]
[0.43185874338529368, 0.03363314517882366]
[2.6122782937974156, 2.2114012426673271]
[-0.81689624343941925, -1.685116924419209]
[3.2006188092269898, 1.1875692832378073]
[-0.40339684105149137, 1.7902061648160337]
[1.7798026030673297, 3.1220553378434079]
[0.7867026078094721, -0.86806281735258417]
[1.6598695563150569, 2.2674087516605241]
[0.30768601642413362, -1.4063485401172799]
[1.2628731134303353, 1.7530800710466665]
[-0.8242957996360305, -0.19433831542608893]
[1.2661797896229365, 1.9639672368706622]
[-0.53867248983273008, 2.0631001634512476]
[3.2393821753981795, 3.809339216069334]
[0.47380590329241645, 0.69594477391787735]
[1.7070430916683494, 2.5213065567524193]
[1.6057829086198692, 0.024181543268941008]
[-0.11060134345477346, 2.9436353060762452]
[0.26595020650729762, 2.9628582978665698]
[1.832252221301178, 1.8452038417192964]
[0.19316520853243388, -0.30829911287181833]
[0.99674141989301401, 2.1480371534615639]
[-3.2226842231119686, -0.41624445386006664]
[2.4928458056306897, 3.3452524094104232]
[0.26275492726475652, 0.18805014533236397]
[0.58490040087017348, 2.4332662170190784]
[0.83257459901537745, 1.6569346807663361]
[0.35178263047267744, 2.0284820600180726]
[0.9194020078467745, -0.9757166092239602]
[1.3901339193078974, 1.2343797291434679]
[0.73503283644352391, 1.3422680019707685]
[2.058145419984188, 2.5106108178308677]
[1.0385058131555094, -0.024169175495981819]
[3.2842208748655528, 1.348427478219778]
[1.1456293653545917, 1.7044960327343275]
[1.691229916560794, 1.1453191160265612]
[-0.3721530914240469, 1.6945369657195055]
[1.9889718427451692, 1.1158322536057148]
[-0.41582257745328077, 0.58897418242821709]
[2.729992252684811, 0.89255131772262519]
[1.9604744286347893, 1.3774150944633929]
[3.3279132866193706, 1.9226451415646881]
[0.57534292461452563, -0.78024306221926198]
[1.7387893602512623, 2.1514560833044283]
[0.075021569106206595, 0.72315514479380882]
[2.6449494709999106, 2.877852314799425]
[0.99084871993007506, -0.45936816711404072]
[1.4910366256966054, 2.3053933472815582]
[-0.36652454358006603, 0.24674947117459739]
[0.71533675705279376, 1.7734795845086764]
[1.624176265610662, -0.33026364845789746]
[2.1400066445868053, 2.9249400545191615]
[1.4346544969809696, -0.014887531280971568]
[2.3097104781128426, 1.5312944197050411]
[-0.18626950653772861, -0.77862728361974698]
[1.3746595615933332, 2.3033107254644456]
[-1.288863450956151, -0.16360834675549771]
[2.4018048461221562, 2.2478994327465935]
[-0.18133758560764909, 0.16988337976967952]
[1.3158423328678781, 1.894812170626228]
[-0.83543364228267836, -1.5804117529310926]
[1.9644309468944425, 2.3500589005694157]
[0.11558012461869613, -1.056700902684772]
[1.9321901796470731, 2.3218488320545081]
[-0.8531502818803044, -0.31150400191978428]
[1.2711423238648556, 1.4063104635335812]
[-0.23300743818872363, -1.6645014159805094]
[1.3691704594017429, 1.7493874447607016]
[0.50209494761580176, 1.8477873656292201]
[1.5241285670732729, 2.0765883182629929]
[-1.4358022591032207, 0.33970295725061833]
[2.767338025585925, 1.3634824086824415]
[1.2106962395929386, 0.15908954049322324]
[2.5520667588176646, 2.1091194718989228]
[-2.2036792998663044, -0.25352116163095562]
[2.0418099542186812, 2.2148322426653473]
[-0.22679130966305958, 0.25657873989096652]
[3.1427944517937165, 3.8194316671711359]
[1.0981599557254325, 2.6086750025683059]
[2.2842212780074713, 2.8373419626726806]
[-0.83984005472398948, -0.47153697358711688]
[1.9856313005356985, 0.64118495952034515]
[-0.98411224410747067, 0.31299353760179205]
[2.5306794106728354, -0.28575511963544775]
[0.77150906656476581, -0.26795596085634388]
[2.4383351685779395, 2.7008912590629621]
[0.25838954260782354, 0.55228647794948793]
[2.0463017784021957, 1.1814840081590816]
[-0.26797361484975069, 0.73684444352447898]
[3.2310302531707009, 1.3415034474109924]
[1.4026298284193968, 1.7080331849854609]
[2.1290005255569642, 0.75520206653760691]
[0.057096040016036513, 0.18748940116398696]
[1.8836359678882224, 0.34900673301580842]
[-0.3787914684187379, -0.29071592246135952]
[3.1133919341716831, 1.6094805584617993]
[0.93012925025723636, -0.71412619675505684]
[3.7914038089757351, 0.57564572073959619]
[-0.91559156056574365, 0.55304934469711742]
[-0.080126134708578434, 1.9560991155041025]
[-1.5916936903256249, -0.67158524754380411]
[1.9667510992689643, 2.6062365863946892]
[1.2445465278523851, 0.47961560773943518]
[1.8834472527669961, 2.5280202715806559]
[-0.038638550819477077, 0.84567792457315416]
[1.3038334093348829, 2.1129533190643195]
[-0.60105957354318551, -0.98578698131448994]
[2.1643785446209654, 2.7082642974313078]
[0.071384246614307922, 0.041654105499859484]
[2.1771277632701804, 2.2585618728225758]
[-2.1126226470748777, 1.9799135562224599]
[1.104218138786595, 1.3606088216160326]
[-0.58396216846670901, -1.1270359410543347]
[3.0720346008906985, 1.1028633426911436]
[-0.45399479118188052, 1.5280270097164588]
[1.3945273051048239, 3.2100856952409345]
[1.6697740393290914, 1.7002646250833071]
[1.7212523374442679, 1.6728757102529046]
[-0.25551967824307131, -0.48377585668498557]
[-0.98904270180076104, 2.6799413849197649]
[-0.45790071951798406, 0.32286553169128129]
[2.5293946288807891, 1.0071365860023449]
