0.485431503455,1.88492294876
2.35886680948,1.11511483636
0.160630608998,-0.443890840291
1.71253251956,3.73962600381
0.71558196884,0.492343899641
3.1507252609,2.02844284994
0.405735285814,-2.97776561805
1.3035873765,1.40123574099
1.45675801939,2.51939099207
1.32972353234,3.56641051804
-0.212419817277,0.684941948282
2.04037417703,0.401053539763
-0.13736492001,-0.943568443476
1.45767630179,2.45139909536
-1.22731085178,0.248064359497
1.48308319797,3.8906096876
-0.00431636712808,-0.841920051897
1.48528833034,2.6927332977
-1.00177400591,-0.349234033411
2.47102788651,1.65514500232
-0.733935845025,0.0148480755414
1.18200431271,2.24458738996
-1.41595168822,1.18444211766
2.53583178909,1.14164779529
-0.277800892282,-0.0233284412816
3.29105770136,2.11072149758
1.29066758987,-0.995553489002
0.698286684826,3.27962148765
0.0126951314861,-0.362778766113
4.80520411307,2.52548746354
0.264632114077,0.739955054285
1.57773968704,1.84213543585
0.422268199813,0.498565075092
1.58495556195,1.54638701054
0.534885537015,-0.498714909879
0.885907819885,1.28680412344
-1.68733503589,1.02991098554
0.806332610866,2.56553848571
1.72740246286,-0.252872137239
2.21310821833,2.04869000389
1.09145092515,-0.472446852251
1.47185417595,4.21433997902
1.67644768203,-0.901707364404
2.50630905146,2.70978032492
-0.057930217113,-0.543628277288
-0.0495616733142,0.843568487769
0.347257078845,-0.247811964195
2.60593936863,2.57130077327
-0.593190950143,-1.17098964007
0.28699871309,4.35936235483
0.406867416345,1.12638870586
1.78209724323,2.44830256942
-1.2579927735,-1.14396625082
1.43136072125,1.55837240394
0.0818072219364,-0.178631024031
3.63119185721,1.12131053753
-0.278939440494,1.70232123441
0.472454295753,1.37485677894
0.143278607363,1.10107164538
1.37061217003,2.56372167862
-1.48108549411,1.10453964454
1.24488888501,2.23107637255
0.903426439783,1.41678511141
2.27348558502,2.25468488812
-1.04787693817,1.1252561764
-0.306561139306,1.66734199139
0.537220218249,-1.3241957913
1.93115370888,2.50021263612
0.0130725167218,1.2127334955
1.82200729877,3.30659645094
1.27551969089,-0.218122195274
1.96447508425,0.972007824937
1.31477548673,2.49739112413
2.03645989541,3.38641646556
-0.764278496226,-0.179815620339
2.34466447404,-0.766568908993
0.142679498884,-1.67839071286
2.84671291951,0.599553242063
-1.81390539392,-1.10928855849
1.28590706179,1.50264627623
-0.237795650269,0.3294187008
-0.798167412713,4.21695646267
0.0725082766663,0.881167821904
3.17899319181,1.52669515571
-0.178737775637,-1.91092708953
2.82817115191,1.30823298227
-1.28228461717,-1.24142055508
1.61395979351,1.41084130198
-0.184574310239,0.70050094831
1.96912052152,2.25675918449
-0.783486718544,1.53507527274
2.22143816901,2.60460245955
-1.01215770825,0.597531323174
1.95601552301,1.45371106111
0.533197546854,-1.64702069043
2.04337917768,1.2626567949
-0.0224983758098,0.107937628889
0.784036569412,2.94128974253
0.269909962955,-0.0354643329167
2.15773928774,1.35990472018
1.8149336333,-0.0163383988144
0.423205740127,2.73015651619
-1.67992977983,0.135016991151
3.85566428196,1.52787353819
-0.0123092446249,-0.902297633631
1.6743570689,1.5560219766
0.814191793656,0.358976797309
1.76752340245,0.642518077212
-0.37143556543,0.215075785715
0.614413140671,1.65132023657
1.41495860122,0.572920510444
2.03338997437,1.28808732277
-1.2976984378,-0.575690296732
2.25484637741,1.59181348971
0.843250982748,0.70425268943
2.21656913013,0.823178200154
-0.254321286291,1.11822396663
4.08950436972,0.935814788545
-0.015140267951,0.862771634184
3.31431453197,2.70346400222
-0.404471493504,1.30602348882
1.72048883942,2.17932806356
0.826868770934,1.19253088647
1.67651824033,2.6325305165
0.46561007433,-0.0606401903717
3.12062635958,2.51315252897
-1.06927195394,2.21740834512
0.963005499988,1.063032031
-0.567917644576,-0.110980203431
1.56201420925,1.94898169692
-0.00584686885046,1.54387206599
0.786819289665,3.01579314561
-0.80481890489,-0.340984391242
3.25950417848,1.79241773057
-0.504212903589,-1.53783120483
2.11171724305,1.12410449303
-1.31726478389,1.83776810934
1.16029562039,2.38826526859
-0.390413868688,-1.02409828981
3.08274697974,1.03801011026
-0.336532746522,-1.02568255631
3.96540640416,2.37224425484
-0.592183294301,-0.399297368855
1.15217660882,2.99085196293
0.53711852582,0.751116788441
3.27208433673,3.71861533468
-0.404647129973,-0.946503131537
2.35273202886,2.69447096468
1.60415417386,0.719189949282
1.8992221833,2.39203903786
-0.565244960232,0.760564404722
2.85332541035,0.909220235925
0.0768750202867,2.15125213738
1.7765989442,2.09621491178
0.30057131055,0.399019194884
1.66343717586,0.565512165408
-0.334825356715,1.01066854139
1.62869664021,3.62346370803
1.14822039847,1.60923572223
0.598848397503,4.30253144781
0.320717980686,0.66853261319
-0.976745740809,1.70483202405
0.338427842815,0.640196398124
2.34483199307,1.89404553478
-0.671844517305,0.737027195591
2.05525198223,1.37537672691
1.38805610655,-0.20685338775
2.19161928552,0.119879838488
-0.35037301776,-0.387015141125
1.87997007463,3.01184121794
-0.732308171546,0.401993641596
0.252416461328,1.84871256076
-1.45582068621,1.7663305319
1.80315180251,2.33954153315
0.986594926539,-0.229209230074
1.74550310874,1.98677461619
-0.38866290532,-0.440491768763
1.38561412233,2.32746146767
1.3213684772,-1.54942067456
2.04755841615,3.51882488081
0.342757261157,-0.375055352535
1.11620488157,3.15960947108
-1.45291821724,-0.587552738599
3.0642749178,2.12588063179
-0.547014935136,0.487843496195
1.60225309664,0.713119999238
-0.306752339595,-0.146326225776
0.745732712604,0.801357485854
0.629564249116,-1.39278305455
1.26855157203,1.43322025612
0.275213391383,-0.970392068035
1.45574564977,1.05220065085
0.295478170839,-1.06589971019
2.0353958856,2.73057169446
1.72107832173,-0.321101657748
2.8337129619,2.1520713265
-0.345423655894,-1.2256328238
1.34123787091,1.99850073459
1.0227554523,0.218200592011
1.49293206849,2.56597878527
1.19550860629,2.17561287097
2.48593556411,0.701562152915
0.0596895196954,0.81666504345
0.695676432726,0.791937152412
0.773929926558,0.372182569345
0.644074768347,2.1270884291
1.38464243571,-0.210660612619
1.40932840389,2.14899154301
-1.55668381613,0.242708967953
1.65327597312,0.793258692636
0.310597501028,-0.184136610654
2.24135439323,1.40246651023
0.545498050309,0.831509484396
0.547845601907,2.66078062711
-0.171795647195,-0.656396053538
0.989499713356,4.03512798246
1.05051624832,0.467285691888
2.80363400166,2.11414125724
-0.427370847875,0.807963386534
0.384641481683,0.335606988133
-1.0300348615,1.44636965604
0.591935010622,3.29141111909
-1.37463053886,-0.318850034827
1.86931338623,1.03044336656
-0.884672088681,0.560307876985
3.6156192869,0.651490222861
-0.4314552154,-0.751677806997
2.89099007334,1.88670192291
-0.464455232283,0.323435805246
2.51007097413,3.00113457304
1.58739804078,-0.189906569537
1.83304050689,2.01499966434
-0.16579156211,1.37053608744
0.918228745814,1.73482353239
-0.0629947757733,-1.57828971402
3.07814304876,2.40742794137
-1.36143488224,0.595650920905
1.39170272816,3.30939410703
-0.0609366649491,0.304564845182
1.15052180828,2.25913498023
0.349569063471,0.0418452836184
3.00634878371,2.2055880859
0.101581298734,-0.794205481073
2.29885578371,0.337603386306
0.881164588852,0.028842106751
3.4138537514,0.825751165592
0.451831822823,-0.502459387822
1.97620418621,1.83898598966
-0.736360867384,-0.33764493821
1.12714164938,3.22551643991
0.873191112766,-0.558405281675
0.65790800361,2.94217875122
0.240535772349,-0.846143744291
2.73043885529,2.61431156922
-0.307988931328,-0.448363493931
3.34821447457,2.40411085031
-0.802224585126,1.33653667103
2.67332643668,1.6095835263
1.53245593546,2.26029099458
1.54136740028,1.74765475198
-0.39839475655,0.375341016773
3.02520281237,1.48563336291
0.427497683444,0.998530925276
0.394464590688,1.0897656288
-0.885134057254,2.09507459068
0.719554114544,3.37937712313
-1.88761830274,-0.342975263228
0.767102710052,2.04005021748
0.771101562357,-2.12027291008
0.92157832279,2.05309078082
0.514327445932,-0.328830513948
1.92990346109,1.53690899628
1.00965714717,-0.2191454749
1.42436337556,0.540604154428
0.213137872099,-0.986691122543
2.60583765395,2.295991598
-0.708777336036,-0.325765475187
1.67290384742,3.28328433655
0.511215790815,0.751333335205
0.168820177873,2.38354565617
1.12160321793,1.61202919328
2.23256058491,2.55702168679
-0.943953491193,0.740033244197
1.94017063228,2.65484464916
-0.776893859643,0.407741569718
1.94845011913,1.61299960565
1.39318093861,0.310726411246
2.18600876518,0.853202571874
1.43105312938,-1.62468931967
4.66414410472,2.43820205466
0.0467373222048,0.029066531973
1.7654684214,2.00532525171
1.16136472456,-0.398673144585
2.48502397149,1.73291680341
-0.656793528053,-0.58289053636
1.41414242502,0.63713303636
0.905731112675,-0.853952763765
2.60800012937,1.85959880294
-0.230076431188,-1.44970343104
3.3066403691,1.68111276072
-0.759881301276,-0.787035982382
0.55327820662,2.5409038896
1.03166769472,0.696551197142
1.77318229597,0.602392119256
0.109543880459,0.781569338414
3.76416020783,3.02994123878
0.644736205098,0.264147389729
1.32569140473,2.60754151037
-1.22969285856,-0.975967750654
1.36142223493,2.80698198018
-0.0048717777424,-0.140199155602
2.48136628089,0.872902993028
-0.137467021192,0.436444508972
2.32249868836,1.17992884784
0.0779304461545,-1.55451021624
3.29308918158,0.487091059025
-0.361921635822,0.908938626527
2.08397691503,1.6625081152
-1.43578937383,0.702104201003
1.28568339726,1.71686757804
-0.681198797505,-0.67388322042
1.19941601175,2.41081328121
0.697622383739,0.511623876478
2.21850662498,2.16897082604
0.603360372871,-0.991286501004
2.38906186509,1.27060613126
1.30475783484,0.537736356446
2.19042476836,2.49032960327
0.0851793063266,-2.06991051606
3.34760478963,2.4661665375
0.434965994013,0.766400564488
-0.405788558528,2.34650117575
-1.39222273791,0.864410671527
2.46813363515,2.63084871877
0.246813638803,0.433946349646
2.95579816114,2.23519197683
-0.097621794127,-0.306022738832
0.165086414802,1.71089060293
-0.310034272276,-0.431117215069
1.98963872259,0.697247635593
-0.277138010774,-0.404722470701
3.00203446919,1.34215868684
-0.751378741852,-0.933007044434
2.49548223975,3.93947104379
-0.458657106252,1.49387423768
4.52465675265,1.06557987374
-0.441172578861,1.62306627257
2.3598058863,2.62876908576
0.401515993442,0.692059839919
1.53195423895,2.25435263504
0.955484962454,-0.257623802018
3.44608148729,2.42705076247
-1.30181657808,-0.941213418477
0.681523719472,2.78742465661
-0.154675481974,0.73064022285
0.98140833499,2.56564488804
0.0940411572495,0.202347889087
2.45868130001,2.5066386351
0.723633511567,1.43889616653
0.877341918057,1.90599246822
-0.549392735521,0.320488751775
0.866808370311,1.79322045373
0.982722652934,0.24020617036
2.23180930052,2.39357375688
0.184254571663,0.559442069242
0.764599624518,3.09013829742
-0.30042860568,-1.19888617661
1.81341169463,1.80579043799
0.111593556786,-0.332012578301
2.16894167478,2.89120059471
-1.02320656106,-0.479783323347
1.19799613428,2.25023347439
0.66287953678,-0.349261340746
1.6789664464,1.96876091071
0.335747481083,2.19013819464
2.9786649974,2.09764244064
-0.619444573104,0.584432053595
-0.330500758592,1.86639302289
0.612955263639,0.415779116944
2.07561135441,2.49569868631
-1.24013691102,0.631748214728
2.265851921,1.12861841538
-0.17276449328,1.32612630208
1.68285712277,0.64418953191
-0.590759089117,0.143039860619
3.26936082941,3.66346278586
-0.0572290214598,0.544220131244
2.06666632602,2.94542892149
1.57992006492,0.988389084907
2.6052977807,1.91079653661
-0.806150484749,0.709141677359
2.0031900661,1.33517953519
-1.71547396245,-0.0313452462861
2.176492256,1.86762796016
-0.376272304567,-1.3050768485
3.06224697576,1.68104194349
-2.406786702,0.0753030212307
1.28110816396,1.64837613412
-0.00801133328372,0.984600578842
1.96585459829,2.92814717434
-1.48402460383,-0.233261554533
1.93413756273,2.46982973454
0.703873439711,0.117219925202
1.07817011565,2.10651956859
1.19825042894,0.235417071687
1.14077412346,0.635439573424
0.935764006346,0.459951336423
2.44088040268,2.58044789042
0.739875911099,1.25655777241
3.17113318784,1.06248560082
-0.619363393233,1.44626407258
3.43391437186,2.0612214998
1.74363217805,0.436211792559
1.60429746523,3.31976902757
-0.398970408619,-1.99757688493
2.46673300627,1.99197065765
1.63881720136,1.34327820915
1.3700344771,2.27250617883
-1.11911183274,0.0908563666914
2.04010657103,3.30941324921
1.15219801717,-1.91081339435
0.557124626941,2.97123002853
-0.837078839795,-0.275143494393
3.6884755358,1.4280590581
-1.75673027118,1.25084076484
1.04733437403,1.14522047754
0.126069702963,-2.64787654283
4.74503649508,2.22390723039
1.02983870907,1.17278459707
1.67068097363,1.22533229272
0.800436196479,1.21627183134
3.27632043027,2.75366732308
-0.693190790993,0.0742981929299
2.76872766353,2.51218811293
-0.575995801341,-0.836827975266
1.30915567655,-0.0202818545685
1.11441574508,1.19364715306
2.03571954858,0.66323248713
-0.166043787718,-0.622188152873
0.964091711185,2.07263304677
-1.10507194352,1.07742547
2.53342893537,1.60658929822
-0.159109037447,-0.692921981601
2.13990189812,2.75536021731
0.705926954517,0.140945053458
1.512191871,3.52408557111
0.587885576321,0.129455023425
2.69747030114,0.53606520944
1.94468605101,-1.41963683955
0.635345536561,0.689495530059
-0.145598567999,1.1287921522
1.72176325926,3.25348437155
0.168703346129,-0.234748821572
1.34742027236,2.32258642413
-2.59818331529,-2.22461712942
2.15756982475,2.50005262993
0.631616228959,-0.397283511986
1.12344357905,2.09237548054
-0.843864521514,0.112785158213
1.25666836574,2.36598821195
-0.11385301846,-0.496227024463
1.756299459,1.59124337742
-0.517151736953,0.383579617812
0.13457796963,1.70349376004
1.12342663589,-0.00936478836366
3.39007287958,2.05756421189
-1.26895817663,1.57249901541
2.50521275902,1.90470868862
2.14627010439,-0.00887899566413
4.67528175895,2.05430469167
0.526861292119,0.561751205057
3.91239439934,1.78017645007
-0.885929641565,-0.633615841897
1.38381902493,2.72059647291
-0.707645677239,1.19431115156
1.91458965217,2.30887333933
0.146591264782,0.290713043995
1.19375949742,-0.960441903181
-0.1700007468,-0.9455617794
0.835295797239,1.51474777443
0.0240694750264,-0.645048121147
3.22639403157,1.5768263743
0.722047196127,-0.262010138219
2.15860910598,2.3260421008
1.27069417213,-0.113475361934
1.264781737,1.83206710754
1.31033688828,0.677579341171
2.05702151004,1.71201985654
-0.0285710115554,-1.75454454233
2.32455237148,1.25100339927
-0.190536637213,-0.314731962408
2.96832954009,3.25698156286
0.434558053221,-1.01815994747
1.87755360714,1.95865467543
1.46297298803,0.489241375205
3.62154178113,2.14366657357
-0.762026754902,-1.41590169281
1.22551207463,4.39408733059
1.40242328622,0.679915073694
2.72511817066,2.30044405993
2.29384617648,0.833920883948
1.18291488826,2.04391852144
-0.157819450493,-0.119199046049
-0.677187038083,1.87059810131
1.63983643029,0.143694147547
1.83951293439,1.73871676994
-0.331256285638,1.26666608177
2.22512798452,3.7278061845
-0.288962885626,-1.0416408887
0.356078882016,2.67569849429
0.310549855108,-0.439162233146
1.19415096634,2.81477029233
-0.757777481531,-0.265853206977
2.10624821391,2.63084159182
-0.0986356071374,-0.699546309341
1.03432028613,3.41666887025
0.860873260065,0.107839338389
2.09013041214,1.41461118754
-0.978184090252,1.49643252156
2.11803695783,2.13699547694
-1.73911633321,0.588563238258
1.43557186477,1.20262874401
-0.460314671111,-0.300084075231
1.90806214346,1.97212126292
-1.70095459653,-1.19965465303
0.422529091036,1.43857381738
1.283043553,-0.348987230595
2.12156644634,2.19443476302
-1.89478925187,0.00533757820856
0.934889769384,1.92174988298
0.418871114452,-1.42770865656
2.41486022213,1.24732596889
0.773128655999,0.769705224299
2.35739995547,1.42702366898
-0.180232645729,0.678725291722
3.41926694435,1.56356410275
-2.25208058378,-0.00568547679855
3.23689212974,1.05340723713
0.567510790356,0.770755771457
2.94890911195,3.00079401518
1.07586842219,-1.06771835293
0.761145191349,1.44658298399
-0.924921137249,-0.899365733185
1.00457753974,1.58889394549
-0.932001881399,0.179601013926
2.77322573374,1.48380086737
0.134079677624,-1.06348671856
2.34223550851,2.66869503361
0.682880902242,-1.15258325479
2.10437661659,2.24181779197
-0.537645838559,0.0887684149196
3.21631802595,1.38131017901
-2.0979957199,-1.17494462748
1.77507713496,1.74343488179
-0.693877920108,1.29964853277
1.32850522186,3.13418478012
-0.366924944728,1.4038226339
1.7405531857,2.37931864318
0.0429443466468,-0.625731868492
0.226358532487,1.06493777926
0.395049697939,-0.408747749501
1.41080932535,2.91067081715
0.642886736306,0.840385527979
0.805467084626,2.61431607229
-1.28991187214,1.69046405754
2.32549170199,1.01780117887
0.10633087044,0.243080898705
2.18583625773,2.10381705296
1.25047267765,-0.443395138
1.49578132804,1.31973563851
-1.47093274068,-1.02402075448
0.911936947357,2.54847812143
0.623032089387,-0.251031975627
2.08062683013,1.89249005329
-0.484149966482,0.0897914014332
2.8830500251,1.96141284969
0.161810694543,-2.07976040713
2.50337683036,1.18141944473
1.45801023129,-0.0154925767219
2.96869256113,2.50053310417
0.865250689708,0.240345642164
1.78965037593,2.5528928402
2.36628013755,0.0820339260415
0.0586704197022,1.66636336342
-1.52847419446,0.141692445192
1.38812603545,1.82528323511
-2.40397633327,-0.986370398752
1.68388899671,0.749774835504
-0.495070713645,0.815069790895
1.90776961082,2.83821884652
-0.486292153484,0.00911060952864
1.17595586546,0.821519634016
0.462610204907,0.609179571715
2.24366541837,3.49818979005
-1.35268421401,-1.5320509686
1.79726916607,2.50989442144
-0.854326593732,1.03528675916
1.37835344158,2.5016015546
-0.719090641993,-0.402670022712
0.919950407717,0.698065291771
-0.39238091716,-0.659626941799
1.35784618539,3.70021170695
-0.48009150423,0.366581702681
2.62045284933,1.04661330571
1.51201543508,-0.378746449058
0.327453569199,2.78313577435
-0.147979243191,-1.26655230689
1.26436545283,3.65272345686
1.3165124864,-0.00593149313595
2.57475486224,2.00836018665
-0.278086543429,-0.971652119432
0.643259393678,-0.191955509653
1.45649308091,0.7658397034
2.31921919055,2.61012288654
-0.324116445958,-0.211878869998
0.628945501077,2.26580048
-0.876213735557,0.118165854013
2.40254538849,1.67037717162
-0.132018769531,0.35199207687
0.668611453713,1.44828194632
0.0491196953124,0.904817524351
1.33982607708,1.5853571356
0.135368030895,-1.46644445537
1.86277827155,0.914740257564
-0.354351076699,-0.726216333618
2.24682293782,2.14292411095
0.525115007042,0.311473479937
2.95392736899,1.99996386421
-1.37821844806,0.927072577069
3.23579301338,2.07164055325
-0.570621581913,0.364657981265
0.74897180255,2.33117504407
-0.0257909123636,0.582112970812
1.61740998956,2.03304570866
0.282876656192,-1.34135475391
3.22343896096,0.623404825643
-0.522156758644,0.190321450181
2.37982942651,2.80380363594
-0.401664309027,0.424121394189
0.92979882243,2.32779089543
-1.04388376257,0.698517645903
1.03140504591,4.04641453858
0.488628630223,0.0346944126066
3.24584509458,2.24417007848
0.147123157069,-0.101104553273
1.60228967792,1.65917233871
1.27973417211,-1.00194672815
3.22510209111,1.43836974317
0.137188959399,-0.307568509573
1.86333246446,3.01454719258
1.44580932229,-0.304155398125
3.81871964384,3.20075122744
-0.226069787781,0.0596096198523
2.89597489569,1.82711942586
-0.479169767644,-0.0839429292776
1.02067188008,3.27184493275
0.572780732271,0.336068647502
2.49828078024,1.84879278326
1.08858122591,0.4243186738
1.22297270276,2.94501371679
-0.867306023163,-1.13417005624
1.78098959659,1.77553673341
-1.86972514337,1.76073265868
3.49408145363,1.92489273632
-0.388738813632,1.75702428102
2.05215038925,2.83824032547
-0.701058194875,-0.52701244527
2.49555120142,-0.0838842119968
-0.92598943342,1.97258907579
0.819051472768,0.619712798621
1.0002580827,0.123104924182
1.35604093455,4.83313720305
0.922205043847,-0.83540755001
1.74517752254,2.4159565748
1.02727513166,-0.0660951167093
1.581597413,2.11330899793
-0.579582089078,2.31244270176
2.63567411956,1.37903081541
-0.316173227695,1.57284719243
1.73486733983,1.15360206188
0.478337241522,2.02590708195
2.27634343511,2.07459181685
-0.821295035695,0.938187655867
1.57582316912,2.00475906467
1.01331954811,-0.376633298246
2.24272340073,1.9606431753
0.913068735408,-1.49392495729
0.550691519869,0.357480316287
0.262775302861,0.261910731229
2.27379272653,1.82583216943
-1.89949004773,-0.17128764187
0.312697231063,2.28642312619
-0.564934236469,0.799168642897
1.27638288565,0.541124834546
-0.0262855496452,-0.69454355474
-1.09486392691,1.48354784405
1.32868191502,-0.584181525062
1.70912243149,1.47870227559
-1.19280820698,-1.65035780883
1.45833723467,1.84874426894
-0.8331781482,0.910252933509
3.87295599163,1.70716204537
-0.864790739522,-0.727126008044
3.18900338105,2.58190207802
-0.582382674887,-1.70375841997
2.37613134781,0.584589384119
-0.158697760734,-0.0749242273535
1.81540933302,2.46616236348
0.645708305231,-0.707855062321
3.05348743994,0.838738144763
-0.62447103913,1.38531967691
2.48292361014,3.1623230849
2.29104736109,2.78407633456
1.22481838646,1.96202605977
2.45610585266,0.312805456031
0.774471987162,2.36344807358
-0.0326531705883,-0.710979713014
2.3027845559,2.24792595011
0.762613186244,0.646144194204
2.78858686274,2.56212087966
-0.812468960546,0.669585434839
1.33147151038,2.20343266361
0.24128729266,1.17342288346
0.983355226499,1.80196511296
0.184891219681,0.18366785239
1.86286605631,1.82097024893
1.03080919236,-1.11828544379
3.35889849626,2.39056307761
-0.524834640025,-0.116145974371
2.36645548444,1.94667955529
-1.55053995359,0.551465260937
0.718172052056,0.191722147723
-0.29475275247,-0.522642839505
2.69466060505,0.874244976911
-1.00229272359,-0.106183713191
3.44011775428,1.93920488965
-0.885287764486,0.270077533538
2.70624376217,1.94398693351
-0.183545462042,-0.501759408404
2.35368583428,0.269207070998
0.482127091577,0.202423711758
3.26435048813,1.20569275221
-0.574347421963,1.6310454184
1.63169546763,2.60342644509
-0.522457594906,-0.182975748535
3.21987223761,1.02386408432
-0.682722056012,3.66620501114
1.93774560701,1.41898467036
-0.736002967036,1.86634588454
1.95555661373,4.15469066624
2.69811395077,-1.402479338
1.41316329234,0.890181137996
0.244710954592,-2.41395428746
2.54559658069,1.09080350597
-1.98940472585,-0.0494944383721
1.27973830704,1.08510184388
-0.682771418726,-0.884771676681
2.45867572328,1.40056883153
0.504242694877,-0.297056433749
1.85634013152,2.30948210028
-1.24088141943,0.799496789628
2.68674073678,2.41610299054
1.52535890757,-0.287091743551
1.86598490788,0.493669261252
1.43851999762,0.147023925545
2.49575718252,0.979771278724
0.500256703586,0.98082571253
2.44164680882,4.14700880642
0.0207701698279,-1.66875450923
2.23945093092,2.48975327088
-0.136395694668,1.60064768477
2.06010268765,3.42772948047
-0.0671954242894,-0.383293404383
0.89777043304,2.82319813512
1.58980104623,-0.438191959495
0.844276618643,2.55972659705
0.525594806051,0.389771318069
3.27764777622,2.39044253989
-0.00869206831068,-0.896148529777
1.5034312698,1.25265698276
-0.4603495358,-0.398565260569
0.600488519414,2.95845285203
-1.46894107711,-1.96871238041
1.31007921285,1.82798150207
0.678093213509,-0.144836728593
1.79477788496,2.17387788149
-1.08876259437,0.105505312719
2.51540889555,2.25610783724
-1.41443912342,-0.464144243696
2.70004581355,1.44821172894
0.301202943717,-0.741429421387
1.67260314739,1.54349012883
0.861420166638,0.485529444036
1.1965898371,4.20822652553
0.476300294768,-0.657104382078
2.65904813378,2.66865690915
0.751203638762,-0.107511686611
1.5156198046,0.725750978824
-0.784277401145,0.338869262899
3.01587694311,0.660892449156
0.804344593441,-0.394696703045
0.178145565047,2.27430950091
0.291762177026,-0.137782067611
1.23373329082,2.52420450123
-1.49133491511,-1.6718164575
1.22996008892,0.559162912154
-0.87860632559,1.0537941175
3.5194488757,3.37881998121
0.269263783547,0.796218911603
2.64114273335,1.25601673087
1.30570077556,0.400588731477
1.05283353523,2.82919817994
-0.924368699302,-0.12177166108
2.89123495113,1.17457254261
1.94652541533,-1.35853264238
1.82085351772,2.10959634796
-1.90420310358,0.772461023296
2.85178881147,1.23699346338
-1.1161266624,0.825505374761
2.72942046893,1.78465553118
-0.628791046436,-1.78588237372
2.10069170411,2.97268533056
1.84659841424,-0.657535191496
1.06816408379,1.53404044185
-0.0429806183081,-0.89761510927
1.31125202801,1.32098277831
-1.07575079301,-0.937728786642
2.13395686335,1.55611831711
1.46813230517,-0.854182399681
0.761559319613,1.3203362275
0.250549071732,-0.179791357564
3.23637733897,2.62494095949
-2.2577098682,0.883130535688
1.00414042066,2.19948467207
-0.811794339167,0.00874584275062
-0.201392610829,2.35833908474
-0.889401869921,-1.65833210856
1.31173893387,2.84582201064
-0.0703992477554,-0.748063786939
2.97602739054,2.4342726973
0.770872531147,-0.252675021712
0.627563467639,1.80789324948
0.908775597292,-0.313793024696
3.48682171795,2.06755540637
-0.203726282963,-0.317762067351
0.817751354565,2.15881923573
1.81947855599,-0.890517182925
1.13913472812,1.07106397631
0.106202949201,-0.570022522735
3.25680241679,2.73994467895
-1.94219824303,-0.839210330505
2.34155425348,1.27150800664
-1.91115546625,0.210462945961
2.42077626073,1.34591268388
0.679877345995,-0.177557155485
0.939933838155,2.58324879885
1.07179534697,-0.0828243392511
2.98982945525,1.36309310432
0.81901892202,-0.120399774289
2.81209802553,3.35862631836
1.04694076765,0.351801335183
2.34548721978,4.19899157156
-0.312147039767,0.746377462514
1.18416871598,2.87085440025
0.37845857373,1.28576112526
2.43319586556,2.34357938972
0.454396899214,0.793309682394
3.47479212502,0.853282354963
0.485102506472,-0.965088666367
2.68743794342,1.08507686435
-1.32630066799,-0.76378634819
1.47045110821,4.50405100849
-0.339431426659,-1.16607560627
0.446783066522,0.608661577327
0.126400172141,-1.0398724306
1.47441451245,4.62834203583
0.257137638489,1.16308332388
2.16302764846,1.83720891958
-1.08640214982,0.209490082452
2.57892962857,1.56849829553
1.40527718091,-1.61471586879
2.21375821163,1.90120321327
0.0287751720855,-1.43132379806
1.41866838119,1.1085685812
0.868822698877,0.98864701532
2.68402731871,1.8518289383
0.663040157359,-0.935909695427
1.92789416908,2.63040826293
-0.105648334191,0.593309346761
3.5266026717,2.91830695279
-0.942209519865,-0.582891744603
0.193327443209,1.89496890811
0.420230873712,-1.44948079578
2.83074032934,0.832585917215
-1.48389196153,0.91261786678
2.75409884623,1.23416858176
-0.232519949835,-2.19027080212
3.0955222718,1.8289016374
0.246628391993,-0.917867688332
3.04869726925,2.76273645012
-1.28476128256,1.02585622139
2.19327352067,2.07968519315
0.841702981914,-0.331217834677
1.73933386608,1.13154561316
0.966098895107,-0.584597974157
2.75690158371,0.422204493156
-1.56109275428,0.106112674512
0.532246019954,2.62663823768
0.245414036224,-0.296266976806
0.62743036297,2.80515720326
0.966994748759,0.387237518377
2.89888876226,1.34399910966
-0.30644239404,1.20835283304
3.00703427646,3.28583602008
-1.41655014894,-0.223574726939
-0.0115215102905,2.04322751924
0.0010002109713,-1.02766655402
1.72081237614,1.87652090166
-0.782189020796,-0.227204132515
2.02226660215,4.19045299119
-0.347394406743,1.05810519496
1.41452235455,1.60405578629
-0.94241991697,0.0681983521544
2.52391487113,0.475856140491
-0.389710161213,0.701467965483
0.12949216468,3.93693396548
-0.379694701838,0.134794188197
2.25442362702,3.16048289746
0.436218203914,0.171910869429
0.712330388318,1.58733972792
0.668793420988,-1.03160745884
2.07048576878,0.594328025503
0.0491530302213,1.0517358668
1.12912538627,2.57093627274
0.86729890172,0.826876056834
1.5197839133,1.58640859715
1.28903110841,0.338630748189
1.54244229312,2.66166027056
-0.0681216243959,-0.00857557252209
2.92396123907,1.02160070141
1.03675686785,-0.328073472763
1.76466834029,0.770103043268
-1.63686786037,0.666050209543
2.72626990703,2.67845131992
-1.02514109647,-0.688938902701
2.66963280946,1.66182942018
-1.16096938872,1.40277473584
2.31936891545,2.04702393382
1.51995052639,1.55003527073
1.40583916208,4.11319449284
0.0909925144873,-0.688130275402
2.93567088879,4.42361451578
2.09286815579,-0.950000235062
2.57733242719,1.69343315076
0.0552430643842,-1.76092757802
2.13436949324,2.00141494609
-1.04336502104,0.0597138033127
0.632916692114,2.27654734888
-0.641765636356,1.30068237847
1.7667299566,1.312288089
-0.646103881061,0.23944543436
1.04190210111,2.03166324708
-0.953076530031,1.31172882507
2.28785025334,0.390052081149
-0.327076013036,-0.143269118505
2.19970628204,2.5042979608
-0.499903931376,0.569914202235
2.78760204552,0.0933900816093
1.69951065962,1.01743189565
1.76344511613,3.13357373983
-1.3069078517,0.442458537229
1.45403929868,2.56749613308
-1.23351878999,-1.11824936496
3.38191842202,2.77714500031
1.69596811579,-1.19467469136
0.627506603447,1.45090780724
-1.00181787821,1.08608704867
0.267814395473,2.80448710178
0.773296523351,1.75438343926
0.763234373548,1.75670979742
0.53206199706,0.426937745584
2.32166622082,2.14524533679
-0.315533854751,-0.125378830388
1.77638991589,1.74937733952
-0.713179556091,-1.02747235486
1.79106391391,2.49965803051
-0.131009820148,1.15383271132
1.14114185074,2.08020156787
-1.94843517733,-0.251525457434
2.41396569146,0.934429707388
2.00716502285,1.11477567329
1.36066435072,3.08948127096
-0.305419919691,0.445045974849
3.02327737339,0.887857355116
0.760245387862,0.80674735294
1.14671589414,2.21458817836
-0.665835607968,1.31410104329
-0.564311593841,-0.664686694892
-1.64323354507,0.499679698681
2.04877858521,3.51890438548
-1.9221223378,1.917092897
1.33394067853,0.669637982669
0.518340322312,-0.889807094795
1.6811776086,2.32116981401
-1.22674860741,0.453597560782
3.37451123366,2.55478298319
-1.06576043975,0.714722590334
3.39724129609,3.94024249385
-0.454265018097,0.96302639139
1.41123931153,2.63448499017
0.0479801898929,0.406765845476
2.91097064368,0.606774837238
-0.522065157846,1.19377286027
4.3114204072,1.98563913816
0.144626900878,0.404193901913
2.10918913251,4.03469228727
-0.87214584361,-1.67034141357
3.15611654589,3.44099008182
-1.08103302635,0.609411937582
2.56131822646,1.96235187511
-0.471588400774,-1.96897480873
1.77413779607,0.932998600304
-1.00092543402,1.99134214448
1.36981993367,1.81114939806
0.609907279042,0.805980053052
1.74600363837,1.54419512866
-1.01632066376,1.01719281356
2.71518959035,1.90243112811
0.306102120356,0.145089218935
3.72867247928,1.10386099585
-1.33819309184,1.22072114216
1.13550125584,2.55791943172
-0.0463824402169,-0.437075784704
3.15543342054,1.12612419912
1.72299437251,-0.394495925719
2.27887984746,1.6502576473
0.888738071077,0.430385680892
2.71771419933,-0.247787072158
0.95156373616,-0.787558859035
2.77782482618,0.948168067998
1.34865566875,2.19566278194
4.24692118908,0.735907524729
-0.443878050189,1.85359301721
0.771947151219,2.15888033436
-0.574425946229,-1.37407850083
1.47377236185,2.43827756927
-2.18722051639,0.546870723158
0.220927196738,1.42261611291
0.779580002669,0.463515257708
3.40528767281,2.78334741501
1.18142199042,-0.738029523987
3.45468102537,2.39746850103
-1.0450619656,1.51947112236
0.664219222459,0.35930589028
-0.851084981255,-1.76068572932
2.5264421985,0.778579841062
0.92846662693,1.69126182627
3.34010357713,2.80217048312
0.423206095445,-0.288731106024
1.13351253698,1.08967295999
0.800529173547,1.22029107093
3.23668854167,2.99412769278
2.33279157619,-0.0231475055656
2.35306687313,3.30952081683
0.937385805114,0.692479305286
4.03826694279,1.12533107143
-0.145221126943,0.782734603488
0.624772124861,2.32618390434
-0.698148781786,0.781671996609
0.845424377937,2.02523132856
0.136660583621,-0.0282045604822
2.20117141615,2.72977103535
0.116701325083,-0.35374145235
1.89096739611,2.68060753395
1.59019934016,-1.50352195936
1.79114032159,3.0691121693
-0.57510827813,-0.349059260306
1.80990933693,1.92163777209
-0.163546844426,-0.719894215975
0.0366927335104,2.19159385572
-1.16980918287,0.648988002259
2.84882033903,3.3148679076
0.320576992233,1.88291090118
3.19832785003,0.03596348559
0.000264123150881,-0.0497428074806
2.85140612383,2.16662217067
-0.152702492385,-1.13716053171
1.62460231384,2.10949700909
-0.359090527137,0.031678114323
1.67361572694,1.12365237994
-1.10553165704,-0.289034622778
1.87285451337,0.180977354686
-1.3875924799,-0.332012571506
1.82318183958,0.337161324456
0.275903244898,0.252370761388
2.34292745516,0.771971505568
-1.3529433604,0.387394004249
2.28117076887,2.09277346314
-1.30793610962,0.916708545266
1.04170075103,2.04561205291
1.45323384722,0.400844522957
1.1616618438,1.0108063752
-1.20495282771,1.4957404552
1.75485494541,1.52308828447
-1.17784243073,-0.3964383918
0.366180857023,2.83422410015
-1.40379863011,-0.206954426437
3.94903907925,1.47793012188
-0.664313858984,-0.0694668521139
0.970524031624,2.37264577467
0.549526963211,0.137426176762
1.84578428239,2.04188108769
0.79884629208,2.99443869425
0.929038814112,1.6979187109
0.201481854233,0.0759314725261
3.40820805213,2.42549852487
1.06405347656,-0.985978463129
1.42013438728,2.05328031612
-2.05747136576,-0.048136839367
1.88084176032,1.45277074453
0.984647547185,1.00369605165
1.10557608815,1.22474627254
1.8744005307,-1.21890681367
2.13457820344,1.56689312379
-0.21867033019,-0.00620214862661
1.19461657374,2.28816488286
0.859075759508,1.31529538302
2.83266500047,3.03436264349
-2.30468047851,0.476126497493
-0.164721823004,1.62796404634
1.01180656022,1.71319429765
2.08104124025,2.69222040458
-1.61502555755,-0.957900839371
2.37723559434,1.26635672135
-1.08023813744,0.705862815464
2.2797646302,2.69641434354
-0.524117035015,-0.855482653555
3.54424445727,2.36676020035
1.3321693044,-0.767714448253
1.77653166143,0.033659336538
-1.10476351799,-0.998592333399
0.193433870743,1.90924231711
-0.463091127808,-0.186613419313
0.0331868873832,1.15351414649
0.352659891254,-0.406705954121
2.12503937336,2.32336258012
0.103936075268,-0.315072636258
2.01696191368,1.76002550099
0.799223371394,0.809023848201
0.268659480668,2.13087379139
1.45606269054,1.04258804472
0.174338475993,1.36294072384
-0.00952092047592,1.7400720644
1.50705019544,2.78884553526
0.853459278633,-0.860262451004
2.17746819949,2.68853394234
0.184745382453,-0.131323787163
2.28603450078,1.72398465996
0.432132725091,1.76391766892
2.32300999553,2.25198926118
1.07388843988,-0.445955599754
2.40130088324,2.73883231564
0.587610704547,-1.80034983506
2.77273673796,1.36455165887
-0.456056751427,-1.60682784901
1.82143146973,0.759902237016
0.447724311741,0.511906715364
3.29603856521,2.21603076996
1.86185980949,-0.687282995201
1.72707521739,1.6050030997
1.13473489332,2.17909155004
2.46146903867,2.20287829115
-1.08042334415,-1.2400134366
1.39261312937,1.22273934819
1.39352109272,0.0962229100887
2.08363707622,2.48497218505
-0.877793903722,0.457920322004
2.65223919156,2.8099767776
2.10953724721,0.386038686596
-0.30104731781,2.86232679378
2.0417696879,-0.45389931245
2.78138526871,2.08410605604
0.267007417996,1.03395575434
3.49399981459,1.60385345438
0.634727666963,0.705368875884
1.94762424988,2.59630670598
0.747418887943,-0.094325590581
2.15805479695,2.59901951387
-0.196874558875,-0.576298393428
1.33285589873,3.05077175304
-0.254174829213,0.701809629396
1.68034116078,2.92150459945
0.108199813384,-0.582539986461
2.59858479877,-0.135797688906
-0.265070282072,0.787383975496
1.8092961048,1.80111895809
-0.298260970553,0.159823185361
0.0821020838701,3.07761681729
-0.354306990199,-0.493821583546
1.90054606634,1.44278993474
-0.60902882987,0.175852370287
1.89800714556,0.690503861121
0.10034078993,1.38948354002
2.16914910794,1.50420577655
2.27989309636,0.250600572659
1.11537838995,1.81472610965
-0.481962353389,-0.372465471236
2.09325297075,2.018192207
-0.712166431125,-0.329075282959
2.70474279715,0.965087158507
0.0594536955187,-1.5286267613
2.81654106842,3.43121801247
-0.255342185947,1.21003581265
1.57949472931,2.32361901863
2.47516124972,-0.374321142185
2.21840804093,0.136097085078
0.810653428655,0.772221814349
3.52137339747,1.6116625483
0.512391793589,1.59865465682
1.91755843231,2.8772508688
-1.21394371831,0.718465914437
0.755912239959,2.62200666132
-1.17124885845,-1.18421318857
2.21986414922,0.737705576925
0.0659337270876,-0.941351068385
0.144934765187,2.56550510407
-0.125526942951,0.860212156577
4.28144340726,2.11716959474
1.44787657137,-0.114115971444
2.94505871273,2.37289299917
0.152171582769,0.376814598602
3.07586874717,2.64476761867
-0.25632131382,0.0931899493979
0.834423071634,2.55127347014
-1.3314687029,-0.175436722187
3.72957219685,2.15278041701
0.726404290875,-1.80147128061
1.92611828018,0.488549217083
-0.539142030425,0.253042548582
-0.933079765483,2.80239220281
-2.01840849567,1.04520497602
1.60536626835,1.22932616964
0.100164589385,-0.387024659817
1.79539314555,2.23379598353
-0.00374539632672,-0.108145912733
2.53154761278,2.37280660473
0.258029028699,-0.583232369159
1.28111027003,4.14937186725
0.271924435842,-0.214543003722
2.06904091636,1.72540615475
0.762064195781,-1.3903663818
2.48276548262,2.25053923015
-0.0198452442799,0.238023887478
1.08030681237,1.76725602018
0.432766304891,-0.300972642382
1.6693579127,0.916139654292
-0.751777528255,0.0922021535523
2.4700499365,1.52175669791
-0.989076594106,1.84180405113
2.06483935853,3.71848665642
1.29631936247,1.46954817716
2.78799682375,1.50234830297
-1.00106250758,-0.786443261232
2.13658736188,1.98329607304
1.11040480779,1.22071038077
2.42948784644,0.434879029694
-0.814195877862,0.907462563469
2.07437324103,1.23746332887
-1.4044302937,-0.559022041342
2.30978702493,1.33467715212
1.22805373897,-2.34708490074
0.845135374255,2.82280628874
-2.32555215739,-0.634318517635
2.40125904623,3.69459152695
0.932637272188,0.546975218783
2.01723633035,0.212288097319
-0.412969528197,1.42074538808
2.79971696138,3.29357283237
1.55649023414,-1.18979335984
2.01798143119,1.76922414062
-0.113672595812,0.119044580292
2.48600440666,1.87636048461
-2.09687954707,-0.139786474391
2.21022339751,2.60742345881
1.77556234742,-0.689445264627
1.88306554139,1.82523635724
-0.304044721925,1.16843564493
3.6084614205,0.936042753923
-1.36885153351,0.149406376973
3.01899767748,1.14354237278
1.07606065714,-1.48324789348
0.64184004342,3.24789320078
1.16595791425,0.783120343
1.37587268799,1.34269591289
0.74120801849,0.445258484045
3.63275866892,2.38609518617
-0.350241804282,1.24274660425
3.75391546139,1.44579959965
-1.78785894483,-0.589560861567
2.95726066442,0.473872989971
-1.42624849812,-0.405289407919
0.640455461187,0.758117956455
1.0052146938,-1.87450279811
2.1556996109,1.19922740069
1.67136313125,-1.16553623581
1.85377779,0.259830907444
-0.800217412209,-0.464801520752
1.40450086244,1.49864083915
-1.843161423,0.0464176422981
3.29498488891,1.24450609385
-0.326793891279,-1.89693661187
2.52943755761,0.337794351973
-0.0293625238006,-0.432866007049
3.0629103305,3.45669754397
2.35478261209,-1.10967852065
1.38667780939,3.06963398462
0.0408378156042,1.00222060049
2.69012041192,2.2217812185
-1.07408521914,1.28903754732
1.28864646121,2.70224155509
0.592655800875,2.14541883044
0.656795734136,1.7598932053
-0.753187857617,1.29088554986
2.45428163633,3.37970082609
-0.0201976636604,1.43609452037
1.38303256986,2.5367103268
0.380474789189,-0.353958520967
1.22474977527,1.44049644091
1.96352087885,-0.67746226679
1.07070063845,0.149462384408
1.29068684174,-0.480063881114
1.72899943966,2.97237599283
0.278762682026,0.647981020961
3.06275893607,2.17686303222
-0.856747385885,-0.549966705174
1.58674814641,4.14316427237
-0.828209369969,-0.770814394215
1.66820157076,1.26423513382
1.47276326525,-0.384351115855
0.894489608165,2.36211522276
-0.523363561509,-0.975639681349
1.85205335876,2.20798085638
0.603299228985,-0.200775326176
2.90555611782,1.55874297019
1.90360730433,-0.684322673634
1.6373620996,2.5970808834
-0.0274638539748,1.983865541
1.79341800245,2.11353581726
0.274979799531,-1.08412705019
2.07726557963,2.75956159647
-1.36945018623,1.35248689201
2.68104687627,0.90899979097
-0.296646824832,-0.0969468428916
-0.184096906907,2.93144308841
0.823373267412,-0.0804126710759
3.9557877431,1.75262202613
1.54372594021,-1.39718179317
0.51771820115,2.64788192903
-1.46768895925,0.06251708316
1.45525237421,2.05296273044
0.0988313062211,1.10372236003
2.15767446996,-0.0569926930846
-0.39498254572,1.45509054633
2.3355716158,1.83632973782
0.240393613457,-1.98279796936
0.213978521534,2.57879001847
-1.22245053612,-1.26321476254
3.33580030271,1.35788888973
-1.89473061846,-1.00319078199
1.72742683279,1.27847017917
-0.84000674221,-0.527113708354
1.56558232004,1.44364606246
0.785042034913,-0.0623015033156
1.46968718117,1.26844358168
-0.0772101809086,0.637695170722
2.91518921636,2.60022147739
0.680371853395,0.106848410577
-0.121504909318,1.0526266237
0.591317424673,0.885123671352
3.13978694204,1.88665085055
0.64973809176,0.368735032568
1.70607937319,1.1764504202
-2.03819992088,-0.710168216221
1.42616902944,-0.144026690772
-1.06292713853,-0.717970101791
3.57799770228,2.17754721984
-0.966091185144,0.940118155634
3.05010142568,3.6153431688
-0.0669643703511,-1.47628286848
2.3232696202,2.67784455222
0.999664099993,0.318106426818
1.46398116028,1.87134834386
-0.886024552904,-0.0217772996704
1.58534271614,0.619154029531
1.42274455267,-1.04700692397
2.75472680154,4.36939438661
-0.374561131821,1.38224339176
1.67939207154,0.377264132787
1.23456036779,-0.704712575892
0.7738309494,1.9953623682
1.66084262845,1.93349914075
2.21836019228,-0.0202399650474
0.600646545247,0.605073890823
4.10219784528,2.44125937445
2.00792421088,1.74540621078
3.0247125081,3.51094493495
-0.597660803973,-0.863416685791
0.308253630382,1.21218437392
-1.2569202616,0.0505824120434
1.97509916401,2.8295975973
0.475371749926,-1.53497198542
1.56281211218,0.712404620032
-0.497069666065,1.50331672732
1.63823471484,0.883424590597
0.455905298466,-0.325250332148
1.22694335149,2.80874230853
1.86859506886,1.08051105746
2.84312335601,3.49359892331
0.133539108915,-0.0197227403476
-0.338157245253,2.89062050038
-1.93496230062,0.880302527081
2.34845784198,2.89907330444
-0.0908606324466,1.58393440914
1.86803813568,2.53124919321
-0.332340495204,-0.997338889519
0.498209465113,3.22687007679
-1.12874164565,-1.48938471098
2.12507266942,1.18763130557
-0.876712804202,-1.33054257515
1.12561309554,0.870466814115
1.9600346712,0.391611421558
2.19238857712,2.97329670779
2.9807096937,-0.870669265976
3.01886920778,2.75129542331
-1.6039897889,0.142551910075
2.70246770862,1.67479437426
2.14236834602,1.54287981412
2.8276663585,1.29844213246
-0.61893813091,0.088974994328
1.41511068705,0.868165535065
-0.821859359981,0.00644984507664
1.71052576667,2.29901211948
0.323107492134,-0.932335856123
1.63993009933,1.66056704076
-0.581400165609,1.31080125455
0.356081982505,2.50715978574
-0.862018408542,-0.0981564021546
1.23844314395,0.902750122506
0.549906547468,-1.54750951107
1.44474408719,1.95639245669
-1.44237968935,1.45597657851
0.0878428216947,1.61442680048
1.64111421836,-1.42609868189
0.107077859722,2.81643114315
-0.502609661861,-1.34425261859
2.52014732295,2.03396200105
-0.362861186544,0.175829759769
0.801057654122,1.03313026629
-0.520643757389,0.223214076802
1.05929455578,-0.929625420145
0.764148840731,0.962623437568
2.21678478064,2.56747530925
0.503854899513,-2.80416264329
2.14394353968,3.88216577687
-0.271689680029,1.01540094769
1.91329426449,1.98633332191
0.491417299255,-0.215496533964
1.21338083974,2.19502455148
0.828092358155,0.0240305089237
0.768384551828,2.8641602139
-0.829743178023,-0.341008006979
1.65075836954,1.08966427265
0.247647355702,-1.92787555769
1.87707074297,1.90844282161
0.688738068954,1.33212585343
1.30425372759,1.42921050603
0.444638831194,1.4868277552
2.64796138872,1.91021228407
-0.536867183531,-0.282933379238
1.23317979634,1.99666052406
0.187986519446,1.11461913905
1.96471101501,2.72262589236
0.319074505485,-0.360089297859
1.60627908856,1.63586845981
0.31664102963,-0.261116195391
2.04139490219,2.64813195683
-0.651874553591,-1.46799044848
4.0654054997,2.85607514431
-0.370980976771,1.94299739794
1.05324881854,3.90417265233
1.03538875109,-1.39038826063
2.15448085799,1.30001663695
0.500757415834,0.138275692801
2.71977768415,0.777772017898
0.334360032753,1.56838956932
4.2141324821,1.28314589905
-0.835661724859,0.312852515181
2.72106178652,0.975545868472
-1.80856270265,-1.45746888041
0.57935847216,0.466301118643
0.102958503052,-1.28728503905
2.9649187582,2.34915065281
0.548927549818,0.0627720556383
1.66932944696,0.758833799956
0.0338639265033,0.80485549028
3.8679056216,1.80298121744
0.158551435918,-1.08524227467
3.25182861216,1.35569856449
-0.689397662594,0.0220414340117
1.29188524773,1.72409309778
-0.21095429156,1.10283205755
4.74658037286,1.21834631527
-0.581882862635,0.316133043135
1.36242767722,1.9325557399
0.642669751762,0.358498617097
1.55058422772,1.02094669207
0.0563378551916,-1.40088107023
1.50521739058,3.05743354182
-0.12154343809,-1.82095134598
1.23897846672,2.89872923431
-0.880708284423,0.36381710234
1.17952654325,1.32514816408
1.39060744993,1.05212661483
3.23058001085,2.65013719275
1.80267292441,-1.57189537406
1.92534435065,0.330267171992
-0.963436161356,0.000927989356517
2.61945477443,1.3646078949
0.96920756592,-0.524764191216
2.03601179274,1.32239921403
0.572553242023,-0.0542167641645
0.54634515485,1.75424388587
0.121953556165,-1.06654131825
1.2422759434,1.61043116113
-0.93201120743,1.48716570279
2.93390692461,3.50686524467
-0.829683085071,-1.00567186698
3.18493213465,3.58799861517
-0.110674300066,1.82299339825
1.87144934495,4.12831723899
-1.87289048711,0.458350666143
1.56942163651,1.74433514141
0.177767068497,0.445285032384
3.4473323783,3.34725029709
-0.21714442416,1.12147642806
2.02232336084,0.923562413066
-0.640058601418,0.957212643655
0.428589815771,1.78444377224
-0.694750532501,-0.479319620917
1.56261806227,3.58569898796
-1.72787238676,-0.0757309412116
1.68279011914,3.08198906062
0.640048071239,-2.35168611139
2.68533266493,0.835628007115
-1.44516353802,-0.579801233919
2.42832208637,1.74007327904
0.413300724171,-0.0633142710473
3.19943070873,1.44518085918
-0.320069103988,1.78538951906
0.558659431082,3.09385258003
0.0954980442174,0.957930072319
0.823792203317,2.11740741554
1.8196944696,1.99947742962
1.30197537088,0.868793511279
-0.19864653132,1.76727378961
1.65286148715,1.87067857753
-0.0950308741407,-0.167730989952
2.70172327942,1.75134017539
0.272964769049,-0.694042617066
2.9300658851,1.69729965276
-1.64278911887,-1.6689588096
2.1739640145,0.523630667462
1.17700059383,0.930924158215
2.35536518262,0.838491181344
-0.236952867796,-0.326642166761
1.62567231195,1.97830543423
-1.78672581461,-0.119095360491
1.13532284335,2.62976531889
-0.693898921618,1.59184138557
2.92969696175,1.82452080917
-0.0156310150665,-1.00305286569
0.98318931674,3.29855795642
-0.088316679725,0.844807264674
0.871476967802,0.757209086907
0.34958442793,-0.666630526128
1.38524900233,2.57033833352
-0.841817862254,-1.92114495881
2.08547123896,1.95248838576
-1.46573730061,-0.197560472517
0.859913948624,3.11726295953
0.634910565279,-0.0964614903124
1.57396336683,0.973624401817
-0.272166604971,-0.480814711587
0.998453400783,2.43921527296
1.85546853121,1.71502801398
1.38932732733,2.89525789764
0.48307465063,0.211747270937
2.22447984663,3.18635774044
0.148560673299,1.79219206861
1.01553743135,1.29086793698
-0.0480360078879,-1.39307480129
2.19044607674,3.80325674289
0.524848479528,0.365077493983
4.08947350957,2.69091916398
-0.942014626393,-0.951442776146
2.93699880493,1.33196355123
0.227851545662,-1.31067429546
1.69602089879,0.917766764733
0.338695871922,-1.30789259464
1.53985360578,2.36930712383
0.254905537036,0.948422697105
1.75933375907,1.98728580738
-0.468078587279,-0.43978261533
2.73131590848,3.37961025717
1.77131851432,1.27460988553
1.85033668408,-0.318263173315
-0.10602712751,-0.0771188727618
2.51174629471,2.18172699791
0.961115414665,-0.261465862942
1.08713857045,2.67662208724
-0.688817241374,-0.876388996233
0.853612242117,4.57287901
-0.6616243872,-0.646439338891
1.29562401978,2.1922839523
-0.345783107011,1.48058712601
3.25597635492,3.14909372414
0.712536414193,1.46748516951
2.80110172782,1.69183012398
1.55063681916,-0.352531125458
2.25294680901,1.50602132321
-0.485684202257,0.482147528777
0.795586434801,1.54904303452
0.872852294182,1.43700304613
2.31794750829,2.89444180457
0.113050855162,1.12555194526
0.773848354752,1.23986411499
0.111218954523,-0.522382381917
1.38713173382,1.44865502383
-0.841867930342,-0.455662991245
2.59811371301,3.7109926739
1.14825647073,-0.287217648857
2.2215054648,2.36619641276
0.185913373959,-0.647556094223
1.97543357939,0.517310276206
-0.111015600691,-0.864508086866
0.316280278598,2.11797497727
-1.45016805552,-1.11055878204
1.1275795306,1.05867025702
0.130949867604,-1.51461525611
1.55019486194,1.46837368097
0.57051008402,-0.422996142826
1.37818795193,1.61730434751
0.293581985367,-0.195720252491
-0.51336153696,1.58415103174
-1.51662350469,-0.768836598468
1.36275832393,2.42041165705
0.734184156114,1.59007811282
2.93270897203,2.45018224875
0.646726149648,-0.100755270871
1.34225397334,1.52924584453
0.301084067408,0.776794446976
1.82193436142,1.90013714532
-0.191596193268,-0.296772746825
2.08889549694,2.12393504897
1.3788441092,0.772630129842
1.97862217344,-0.396111780398
3.00281069729,-0.204083289752
0.784873473705,0.967847254923
-0.561409985586,-3.26236921234
1.69565118443,2.365916736
-0.957811691215,-0.482376186681
3.28351599588,2.30488428027
0.0316666243665,0.314665756604
3.47061139896,1.62580444132
0.402649650076,2.3118427083
1.91200243468,-0.127936195423
-1.06790189344,-0.0768942888813
2.58411977299,1.45765529268
0.967008642939,0.985903418909
1.93824087871,1.00151365096
-0.403049748401,1.0225261102
3.33956894564,1.43386091205
0.228047587333,-0.27974783463
1.14865396193,2.50336255005
-0.93185317097,0.35954533529
2.60903098871,1.73479046788
0.222425928826,-1.47731972383
2.72913277669,1.12648098872
-0.774034028526,-0.343205874233
2.18892798461,2.48019444637
0.663147775176,0.63359700858
1.27284456008,3.12687757036
-2.5993337338,1.450867452
2.06451717597,2.09364785509
-0.536572623389,-0.359986298854
3.10822807776,0.35668981353
-0.716478950367,0.741837270887
0.659822776032,4.18504447935
1.16327110605,-0.265386117794
1.73739132391,1.25764826812
1.56370414631,-0.146202999683
1.54349421438,2.02495369836
-1.32604882321,-1.05496298725
3.38644264016,2.3490285684
0.208429971385,-0.456567121798
2.60052167074,3.00645193229
1.02030352064,3.08737650927
1.78053318774,0.101923088005
0.209578435425,-0.0603000819688
1.55945111149,1.00415581417
-1.93599844719,1.00129739717
3.09495399191,0.905974711282
-0.121656766441,-1.31775987776
3.02066049753,1.68437676212
1.0225522026,-3.28701430204
0.402341269541,3.35916661555
0.620733691019,-1.49980724994
4.42658877554,2.14686219609
-0.984044385479,-2.13373255335
1.88680035152,2.48690171824
-1.20383439703,0.26217825808
1.18643813948,-1.06361461128
-0.724145982548,1.39272738668
2.99249320826,0.993237062973
0.043724094507,-1.23254384077
1.54120292664,1.42568386213
-1.50425959546,-0.255458408649
0.673719812087,0.743572439904
0.0424996370231,-0.696908760357
1.21293706099,2.38335117382
-0.131431177191,2.00854273604
1.8644912286,1.48631733451
1.01850609258,1.3327207048
2.61969406595,2.33177637997
-0.381759141954,-0.586345360666
0.299947268519,2.12673991646
0.0522686262508,2.00325693065
0.396375667923,1.93585214073
0.0834385999322,-0.0745724247862
3.45585492945,2.38727279408
1.01531778695,-0.512076304229
2.97810957986,2.56542716216
0.790749563733,0.81698199968
0.656565780418,2.41533509675
-0.0990410884493,1.37439985098
1.28997457909,2.02960850737
-0.439585592441,0.0669036928139
3.10296324808,2.49508885547
0.00679449311358,1.69360419515
1.18466342055,1.28215146648
-1.39259119495,1.13615032391
0.883903068924,2.1800162497
0.854324639067,0.0770367187902
1.72294409369,1.47669274544
0.449381463973,-0.237886768549
2.39217528749,2.3230290065
0.220476354398,1.19713763985
0.827362776345,1.45935008267
1.34189351974,0.344949306781
1.62866542527,1.5106356102
-0.826590984277,1.39862527645
1.34241358061,1.13366725703
-0.281388160316,-0.281213754008
3.28983624489,1.60657063834
0.161117692962,0.572032269021
3.4994169793,2.2228020937
-0.00139502977803,-0.0531895559037
0.612440229175,0.841121192242
-1.10210508118,0.130593965814
4.47814126779,2.2090705118
-0.161656357983,1.55867283951
1.6915413653,2.31091815269
0.693430891992,-0.985663048831
1.25448057444,0.662867149151
0.120375802689,1.06832122158
3.12802555781,1.9641751845
0.336799579822,-0.504912985694
2.96079536343,0.893952245526
-1.60523939049,0.127552409367
0.937507875326,0.82974256584
0.601924718231,-1.6752205466
0.543686667239,1.43042427807
-0.910855577031,1.06577742233
0.807722666779,1.41688330144
-0.776094996678,-1.68902848228
0.244915284701,1.54810910965
0.581877424539,-1.72236231546
1.88322271452,1.88232668157
0.815513990421,-1.11575120289
3.00464462576,0.588107456711
-1.05649262384,0.0916350789077
1.31533440049,2.86416166867
0.531213149751,0.234984241629
3.12869147774,0.359849017278
0.998570255086,0.835758088635
1.90694628374,2.28049964276
0.530000250661,0.615795247804
3.98641986461,0.878525544152
-0.558953647572,0.279437402849
2.26814398733,1.11931899095
0.985438826509,-2.17853302333
1.5496988554,0.566481919215
-0.464138198366,0.580119309534
2.52392290629,2.90483903784
-0.261428620063,0.0610119653886
2.63420328836,2.04633963716
0.151234737822,0.338977570231
2.00740448682,4.78803037384
1.26269027492,2.4037835334
2.14929700214,3.35135816382
0.949974933396,-0.683831609382
1.79605254851,3.29341174069
0.737785276998,0.0735067061155
2.48777028642,4.63667626598
-1.07903244636,0.164271865467
2.761539817,1.79081177165
0.808882553144,-1.3333321088
1.71335666452,2.58478691008
0.0909303299793,1.13934937433
3.12193563732,2.78182349872
0.996423975248,2.42192329719
2.27648297018,1.7084721296
0.04510564719,0.502325403257
3.46578608421,2.1928237389
-0.0507103459341,0.397828932719
0.838176296607,2.6484654402
1.12554341175,0.2472327601
1.13556994132,1.85147725167
-1.61549516164,-0.423138301114
1.44779817094,2.2087592109
0.490630282712,-1.38868198622
0.0059598847207,1.53575989285
0.394830845894,0.339707601786
1.10521490831,0.317058323802
0.301392641422,0.168537915336
1.90555430942,0.497379662362
-1.43126534484,-0.58816477926
0.532099050913,0.362088187565
0.285806127948,0.310558256311
3.5271757528,1.97913455133
0.483910019446,1.00601871265
2.1757303966,1.98451185538
0.977476098295,0.163058942021
-0.444139778434,1.18340026086
-0.164751575874,0.0291649112938
2.35378380431,2.85280405206
1.26458010871,-0.98180752864
0.979100470693,1.98094536079
0.317568517731,1.26920630696
0.790536522718,1.23878034841
-1.75866263438,1.05656276626
0.865553788721,1.80760801196
1.60428101069,-0.000319003471574
3.32396250062,1.05816109634
1.1381792227,-0.429255782953
2.13086464295,1.50259986473
-0.163790429271,0.818614855054
2.84184169914,2.16125715147
-1.08132656437,-1.14085610881
2.48904847279,1.54503037903
1.08023515504,-0.224662300987
1.9924527944,1.11107985282
0.776179340416,-0.333498719062
3.65628416041,2.26457635512
0.452708636486,-0.352775711467
1.81321810909,1.55858661002
0.38481129097,-2.31255926151
1.06744541789,1.44255882523
-0.586701522132,-1.73502674868
1.1269901187,0.514383243448
-0.32140745568,0.93637952468
1.56832875131,3.86266009571
1.59828061301,1.56225769892
1.1804990409,2.22235091785
0.449946867295,1.33682388187
2.02687071301,1.891546936
0.657085492785,-0.6829041108
0.41530896294,2.14742744195
0.431858743385,0.0336331451788
2.6122782938,2.21140124267
-0.816896243439,-1.68511692442
3.20061880923,1.18756928324
-0.403396841051,1.79020616482
1.77980260307,3.12205533784
0.786702607809,-0.868062817353
1.65986955632,2.26740875166
0.307686016424,-1.40634854012
1.26287311343,1.75308007105
-0.824295799636,-0.194338315426
1.26617978962,1.96396723687
-0.538672489833,2.06310016345
3.2393821754,3.80933921607
0.473805903292,0.695944773918
1.70704309167,2.52130655675
1.60578290862,0.0241815432689
-0.110601343455,2.94363530608
0.265950206507,2.96285829787
1.8322522213,1.84520384172
0.193165208532,-0.308299112872
0.996741419893,2.14803715346
-3.22268422311,-0.41624445386
2.49284580563,3.34525240941
0.262754927265,0.188050145332
0.58490040087,2.43326621702
0.832574599015,1.65693468077
0.351782630473,2.02848206002
0.919402007847,-0.975716609224
1.39013391931,1.23437972914
0.735032836444,1.34226800197
2.05814541998,2.51061081783
1.03850581316,-0.024169175496
3.28422087487,1.34842747822
1.14562936535,1.70449603273
1.69122991656,1.14531911603
-0.372153091424,1.69453696572
1.98897184275,1.11583225361
-0.415822577453,0.588974182428
2.72999225268,0.892551317723
1.96047442863,1.37741509446
3.32791328662,1.92264514156
0.575342924615,-0.780243062219
1.73878936025,2.1514560833
0.0750215691062,0.723155144794
2.644949471,2.8778523148
0.99084871993,-0.459368167114
1.4910366257,2.30539334728
-0.36652454358,0.246749471175
0.715336757053,1.77347958451
1.62417626561,-0.330263648458
2.14000664459,2.92494005452
1.43465449698,-0.014887531281
2.30971047811,1.53129441971
-0.186269506538,-0.77862728362
1.37465956159,2.30331072546
-1.28886345096,-0.163608346755
2.40180484612,2.24789943275
-0.181337585608,0.16988337977
1.31584233287,1.89481217063
-0.835433642283,-1.58041175293
1.96443094689,2.35005890057
0.115580124619,-1.05670090268
1.93219017965,2.32184883205
-0.85315028188,-0.31150400192
1.27114232386,1.40631046353
-0.233007438189,-1.66450141598
1.3691704594,1.74938744476
0.502094947616,1.84778736563
1.52412856707,2.07658831826
-1.4358022591,0.339702957251
2.76733802559,1.36348240868
1.21069623959,0.159089540493
2.55206675882,2.1091194719
-2.20367929987,-0.253521161631
2.04180995422,2.21483224267
-0.226791309663,0.256578739891
3.14279445179,3.81943166717
1.09815995573,2.60867500257
2.28422127801,2.83734196267
-0.839840054724,-0.471536973587
1.98563130054,0.64118495952
-0.984112244107,0.312993537602
2.53067941067,-0.285755119635
0.771509066565,-0.267955960856
2.43833516858,2.70089125906
0.258389542608,0.552286477949
2.0463017784,1.18148400816
-0.26797361485,0.736844443524
3.23103025317,1.34150344741
1.40262982842,1.70803318499
2.12900052556,0.755202066538
0.057096040016,0.187489401164
1.88363596789,0.349006733016
-0.378791468419,-0.290715922461
3.11339193417,1.60948055846
0.930129250257,-0.714126196755
3.79140380898,0.57564572074
-0.915591560566,0.553049344697
-0.0801261347086,1.9560991155
-1.59169369033,-0.671585247544
1.96675109927,2.60623658639
1.24454652785,0.479615607739
1.88344725277,2.52802027158
-0.0386385508195,0.845677924573
1.30383340933,2.11295331906
-0.601059573543,-0.985786981314
2.16437854462,2.70826429743
0.0713842466143,0.0416541054999
2.17712776327,2.25856187282
-2.11262264707,1.97991355622
1.10421813879,1.36060882162
-0.583962168467,-1.12703594105
3.07203460089,1.10286334269
-0.453994791182,1.52802700972
1.3945273051,3.21008569524
1.66977403933,1.70026462508
1.72125233744,1.67287571025
-0.255519678243,-0.483775856685
-0.989042701801,2.67994138492
-0.457900719518,0.322865531691
2.52939462888,1.007136586
